0.015783 3.194073 -1.329725
-1.482864 2.944627 -1.372623
1.791354 2.943283 -1.417293
0.011264 0.957033 -0.273692
0.016470 1.979891 -0.804551
-0.922474 1.426642 -0.597496
0.951771 1.423936 -0.591871
-1.968215 1.451235 -0.761022
1.998984 1.445513 -0.749177
-3.873490 1.144364 -2.606905
3.321832 1.590034 -1.801724
-2.611078 2.219908 -1.546007
2.296072 2.375291 -1.384270
-0.712862 2.456396 -1.056366
0.670028 2.580389 -1.103165
-0.757875 0.554237 -0.304609
-1.427684 0.740486 -0.323284
-2.041060 0.821143 -0.419378
-2.579374 0.705649 -0.671909
-3.467941 0.518450 -1.467851
-3.785275 0.097487 -1.943873
-3.623413 -0.557493 -2.109085
-3.192828 -0.876752 -1.539343
-2.651698 -0.993387 -1.147670
-1.724986 -0.932922 -0.861589
-0.982045 -0.677503 -0.842500
-0.606773 0.079329 -0.505489
-0.703081 -0.469298 -0.829091
0.782826 0.552034 -0.300027
1.453576 0.736312 -0.314936
2.069058 0.818175 -0.397902
2.610046 0.716848 -0.505876
3.493676 0.537953 -1.237270
3.828104 0.086389 -1.919325
3.666513 -0.551891 -2.064173
3.225125 -0.886622 -1.519128
2.677535 -1.001229 -1.130989
1.747521 -0.917378 -0.840773
1.006448 -0.674901 -0.835595
0.631456 0.077550 -0.501677
0.728341 -0.471360 -0.823347
-3.000296 -0.193469 -1.382534
-1.145353 -0.335975 -1.420321
-2.022861 0.225243 -0.989550
-2.137755 -0.532896 -1.000306
1.197726 -0.311644 -1.402512
2.996390 -0.158731 -1.363037
2.069114 0.198882 -0.964735
2.184550 -0.532232 -0.938023
-0.143614 0.230572 -0.254226
0.158054 0.235132 -0.252188
-0.301198 -0.445273 -0.291200
0.010844 -0.356484 -0.219123
0.323067 -0.446155 -0.289243
0.009222 -0.812515 0.095613
-0.258533 -0.874456 0.034064
-0.559100 -1.117554 -0.107740
0.277172 -0.875222 0.035715
0.577909 -1.119178 -0.104214
0.007250 -1.299938 0.505229
-0.380813 -1.387454 0.293407
-0.706687 -1.497232 -0.087831
0.396376 -1.388544 0.295747
0.724272 -1.499288 -0.083383
0.005213 -1.811464 0.927525
-0.393128 -1.906098 0.635921
-0.701042 -2.060710 0.248014
0.405079 -1.907251 0.638370
0.714935 -2.062727 0.252400
0.003191 -2.336974 1.336871
-0.510544 -2.437826 1.031421
-0.909639 -2.602119 0.562252
0.518537 -2.439323 1.034621
0.920067 -2.604780 0.567962
0.002611 -2.757622 1.337462
0.009309 -3.338237 0.203963
-0.962135 -3.189680 -0.342449
0.959035 -3.113401 -0.424653
0.007821 -3.152630 -0.393035
-0.335491 -3.871291 -0.282264
-0.719666 -3.933109 -0.387481
-1.081485 -4.129330 -0.642256
-1.370257 -4.369145 -0.948293
-1.606324 -4.677519 -1.330841
-1.489937 -5.152214 -1.372351
-1.064186 -5.619462 -1.084910
-0.446890 -5.840661 -0.929622
0.469405 -5.856052 -0.922582
1.091189 -5.659160 -1.068993
1.528103 -5.196517 -1.354655
1.729341 -4.700011 -1.386908
1.389382 -4.400732 -0.934011
1.096680 -4.144807 -0.632242
0.733821 -3.936762 -0.382868
0.344854 -3.870658 -0.282200
-1.131174 -4.725305 -1.375519
0.006670 -4.542109 -0.634247
0.007934 -4.910658 -0.755146
1.160751 -4.718155 -1.259093
0.012487 -6.208247 -0.939797
0.016062 -6.639665 -0.957351
0.018061 -7.101569 -1.286053
-0.936405 -6.912401 -1.379674
-0.989485 -6.475048 -1.197193
1.029608 -6.404745 -1.171273
0.991254 -6.829256 -1.277462
-1.041217 -1.189242 -0.493220
-1.606860 -1.372732 -0.777009
-2.590347 -1.632506 -1.249254
-3.322352 -1.696479 -1.875921
-4.115145 -0.945534 -3.021757
-1.141680 -1.616564 -0.432789
-1.783451 -1.864764 -0.800813
-2.567398 -2.196579 -1.446116
-3.702493 -2.178236 -3.202715
-1.453978 -2.410019 -0.661724
-2.342239 -3.114818 -1.598507
-3.198901 -2.927264 -2.507615
-1.551118 -3.315125 -0.872038
-2.316959 -3.866786 -1.691925
-2.799713 -3.697049 -2.289257
-2.503826 -5.249888 -2.795366
1.062274 -1.191761 -0.485932
1.627281 -1.370407 -0.761751
2.614913 -1.639511 -1.232967
3.348423 -1.705949 -1.854154
4.076731 -0.837205 -2.658182
1.118319 -1.769390 -0.355957
1.802117 -2.044008 -0.835322
2.587790 -2.204123 -1.430356
3.711925 -2.147220 -3.142941
1.470397 -2.411275 -0.642939
2.340510 -3.119786 -1.567701
3.161766 -2.936038 -2.487427
1.529616 -3.486178 -0.862357
2.196298 -3.967904 -1.556698
2.785900 -3.707935 -2.261710
2.518064 -5.276831 -2.548004
2.905017 -4.439048 -2.968580
-2.896167 -4.370398 -2.977399
