32 3 21 -1708.29617281
35 3 21 -1506.25050789
3 3 21 -727.724565382
4 3 21 -841.409940609
37 3 21 -2222.34304984
38 3 21 -1555.1277162
7 3 21 -1784.82276649
8 3 21 -2892.09351519
9 3 21 -1151.60744193
13 3 21 -2469.42986325
15 3 21 -1667.61832755
40 3 21 -1762.38660824
18 3 21 -2521.08035011
19 3 21 -2561.69816313
22 3 21 -3420.22132309
23 3 21 -2210.79388482
25 3 21 -1416.88019764
28 3 21 -2153.1182824
30 3 21 -2972.08174003
31 3 21 -2008.42284686
32 3 23 -1701.71608427
35 3 23 -1809.82428238
3 3 23 -461.699219432
4 3 23 -973.835360685
37 3 23 -2181.70193761
38 3 23 -1780.32086456
7 3 23 -1631.19947512
8 3 23 -3254.63309102
9 3 23 -1286.93514046
13 3 23 -2320.95446526
15 3 23 -1991.97078213
40 3 23 -1418.72311738
18 3 23 -2328.28955657
19 3 23 -2604.57987039
22 3 23 -3633.11990846
23 3 23 -2200.83742762
25 3 23 -1660.46420499
28 3 23 -2039.04254009
30 3 23 -3017.96323428
31 3 23 -2154.56579912
32 3 26 -1780.7750224
35 3 26 -2179.14391582
3 3 26 -499.889154846
4 3 26 -1074.75341035
37 3 26 -3144.36444147
38 3 26 -1433.43970679
7 3 26 -1672.87311369
8 3 26 -2046.44853368
9 3 26 -1235.70167936
13 3 26 -2635.35571259
15 3 26 -2287.67358694
40 3 26 -1457.7651831
18 3 26 -2307.70749082
19 3 26 -2635.28738481
22 3 26 -4381.60030306
23 3 26 -1798.71955927
25 3 26 -1430.37476354
28 3 26 -2898.13055083
30 3 26 -3162.93603539
31 3 26 -2643.85875256
32 3 28 -1715.16278205
35 3 28 -2069.30209897
3 3 28 -505.30084445
4 3 28 -975.940127733
37 3 28 -2784.69822322
38 3 28 -1464.92271548
7 3 28 -1837.79178881
8 3 28 -2209.68307307
9 3 28 -1236.2230309
13 3 28 -2485.06099877
15 3 28 -2272.64826485
40 3 28 -1505.53644142
18 3 28 -2307.38926238
19 3 28 -2443.5368863
22 3 28 -4187.78979719
23 3 28 -2029.04682372
25 3 28 -1337.07116841
28 3 28 -2575.9535633
30 3 28 -3248.41276071
31 3 28 -2582.99227518
32 3 30 -1698.30098426
35 3 30 -2126.47414212
3 3 30 -418.623628334
4 3 30 -623.257255077
37 3 30 -2487.66757944
38 3 30 -1936.24153319
7 3 30 -1522.30766842
8 3 30 -3093.63567878
9 3 30 -1565.38111621
13 3 30 -2286.76279667
15 3 30 -2584.39074388
40 3 30 -1450.59658614
18 3 30 -2110.37278475
19 3 30 -2390.78967208
22 3 30 -4143.81557559
23 3 30 -2229.60342074
25 3 30 -1867.42590428
28 3 30 -2124.40765628
30 3 30 -3332.00937435
31 3 30 -2676.09455977
32 4 31 -1531.8789914
35 4 31 -1627.64538191
3 4 31 -817.955903243
4 4 31 -731.754264422
37 4 31 -2890.22088937
38 4 31 -1130.79549122
7 4 31 -1683.50326638
8 4 31 -2187.49101387
9 4 31 -900.534912762
13 4 31 -2842.33703497
15 4 31 -1553.19322908
40 4 31 -1809.8496415
18 4 31 -2764.79830013
19 4 31 -2428.39795619
22 4 31 -3390.61062138
23 4 31 -1677.13630014
25 4 31 -1446.39851046
28 4 31 -2515.0466971
30 4 31 -2674.9221497
31 4 31 -1933.83102326
32 4 33 -1298.17707815
35 4 33 -1527.51854111
3 4 33 -979.549322556
4 4 33 -804.240879691
37 4 33 -2567.98813467
38 4 33 -1625.0307747
7 4 33 -1833.35609305
8 4 33 -2138.13849832
9 4 33 -1358.32711535
13 4 33 -2588.00523432
15 4 33 -1504.65799352
40 4 33 -1850.81645112
18 4 33 -2632.79631288
19 4 33 -2073.51274697
22 4 33 -3161.58267414
23 4 33 -2180.55331274
25 4 33 -1259.30912912
28 4 33 -2066.00620035
30 4 33 -2966.38841694
31 4 33 -2268.36555062
32 4 36 -851.784971793
35 4 36 -1464.60191839
3 4 36 -1567.58861227
4 4 36 -1204.27751595
37 4 36 -2737.90213618
38 4 36 -2448.27949403
7 4 36 -2082.3498733
8 4 36 -2181.02036028
9 4 36 -2196.93045519
13 4 36 -1814.35203373
15 4 36 -2095.54357215
40 4 36 -1652.09684081
18 4 36 -1609.89817535
19 4 36 -1894.74531527
22 4 36 -4146.54918322
23 4 36 -2917.45092004
25 4 36 -1185.895724
28 4 36 -1997.94060692
30 4 36 -3776.61979752
31 4 36 -3023.48064719
32 4 38 -984.636545994
35 4 38 -1648.82245462
3 4 38 -1145.56799962
4 4 38 -609.600399054
37 4 38 -2544.33778783
38 4 38 -1651.00276774
7 4 38 -1672.02666644
8 4 38 -2145.09291916
9 4 38 -1517.14325605
13 4 38 -2438.91666633
15 4 38 -1651.99448887
40 4 38 -1847.83866027
18 4 38 -2504.07321011
19 4 38 -1826.20034823
22 4 38 -3265.69020492
23 4 38 -2319.23217675
25 4 38 -1228.25633703
28 4 38 -1874.27078263
30 4 38 -3093.21371625
31 4 38 -2381.28713164
32 4 40 -1488.16894516
35 4 40 -2159.63904607
3 4 40 -982.552018655
4 4 40 -554.39363275
37 4 40 -3187.07161527
38 4 40 -1766.47738134
7 4 40 -909.491638403
8 4 40 -3014.6254119
9 4 40 -1362.24469961
13 4 40 -2601.08123518
15 4 40 -2233.07075023
40 4 40 -1514.96244748
18 4 40 -2166.55073755
19 4 40 -2725.94737053
22 4 40 -4117.20579004
23 4 40 -1599.79045829
25 4 40 -1937.73747941
28 4 40 -2646.84821977
30 4 40 -2700.64033262
31 4 40 -2380.06317413
32 7 61 -1959.46680614
35 7 61 -2765.00336491
3 7 61 -1488.26830453
4 7 61 -1256.82224375
37 7 61 -3847.36941048
38 7 61 -1412.94740785
7 7 61 -285.113947418
8 7 61 -3141.35627724
9 7 61 -1258.720646
13 7 61 -3502.57855475
15 7 61 -2378.05401893
40 7 61 -2335.3756151
18 7 61 -3093.91984885
19 7 61 -2916.25182843
22 7 61 -3729.26887426
23 7 61 -1284.09643431
25 7 61 -2590.58735492
28 7 61 -3130.43927983
30 7 61 -2044.12144072
31 7 61 -1997.23921155
32 7 63 -1822.65006639
35 7 63 -2775.10128326
3 7 63 -1545.58281619
4 7 63 -1227.55299986
37 7 63 -3979.99351402
38 7 63 -1471.91644673
7 7 63 -284.711697997
8 7 63 -2814.98599713
9 7 63 -1438.19003412
13 7 63 -3439.50949162
15 7 63 -2335.65448366
40 7 63 -2395.38504614
18 7 63 -2963.30189674
19 7 63 -2844.37386215
22 7 63 -3981.75899901
23 7 63 -1366.27456481
25 7 63 -2510.96636482
28 7 63 -3215.44655355
30 7 63 -2202.4944968
31 7 63 -2261.3131609
32 7 66 -1467.76499847
35 7 66 -2475.13546984
3 7 66 -1505.18411637
4 7 66 -958.400156856
37 7 66 -3657.80169015
38 7 66 -1054.08990205
7 7 66 -663.405315995
8 7 66 -2376.74851305
9 7 66 -1226.22883253
13 7 66 -3357.82909135
15 7 66 -1848.79127087
40 7 66 -2525.47127991
18 7 66 -3101.00321618
19 7 66 -2305.84657441
22 7 66 -3424.56669672
23 7 66 -1790.44931348
25 7 66 -2220.99678631
28 7 66 -2787.88484156
30 7 66 -2183.04422058
31 7 66 -1987.81259431
32 7 68 -1901.50273266
35 7 68 -2612.11543997
3 7 68 -1777.86324459
4 7 68 -1374.38564953
37 7 68 -4048.9179638
38 7 68 -926.511646449
7 7 68 -460.107662524
8 7 68 -2541.2844037
9 7 68 -1138.30194794
13 7 68 -3673.61005825
15 7 68 -2216.68161845
40 7 68 -2603.53114185
18 7 68 -3295.4692573
19 7 68 -2871.29170793
22 7 68 -3599.12921737
23 7 68 -1384.92165516
25 7 68 -2444.83699996
28 7 68 -3329.83538559
30 7 68 -1804.57683565
31 7 68 -1841.17051994
32 7 70 -1998.79472519
35 7 70 -2400.60493449
3 7 70 -1166.77671296
4 7 70 -734.628667148
37 7 70 -3262.03210192
38 7 70 -2239.99509043
7 7 70 -586.03576987
8 7 70 -3611.76366461
9 7 70 -1647.10142247
13 7 70 -2849.09996157
15 7 70 -2710.41076083
40 7 70 -1704.56042728
18 7 70 -2453.43803724
19 7 70 -2880.60715082
22 7 70 -4286.08148999
23 7 70 -1941.06389501
25 7 70 -2554.61111564
28 7 70 -2685.54120422
30 7 70 -3052.15370894
31 7 70 -2727.53714953
32 8 71 -2515.42292783
35 8 71 -3007.00620543
3 8 71 -2031.15734692
4 8 71 -2487.01875644
37 8 71 -4315.7703808
38 8 71 -1671.77921332
7 8 71 -2803.47636389
8 8 71 -403.674572116
9 8 71 -2314.08741498
13 8 71 -3881.56783761
15 8 71 -2660.44281665
40 8 71 -2888.65947592
18 8 71 -3850.10531867
19 8 71 -2842.1396782
22 8 71 -4190.78542147
23 8 71 -2371.30950878
25 8 71 -2556.52137234
28 8 71 -3464.54565465
30 8 71 -3321.15455919
31 8 71 -3424.19019871
32 8 73 -2275.6190897
35 8 73 -3153.05154992
3 8 73 -1901.87133901
4 8 73 -2244.6135676
37 8 73 -4361.36135075
38 8 73 -2343.56835927
7 8 73 -2307.67019273
8 8 73 -685.261334382
9 8 73 -2682.09488675
13 8 73 -3625.72841622
15 8 73 -2951.30880261
40 8 73 -2830.54789268
18 8 73 -3309.18345763
19 8 73 -2402.73163615
22 8 73 -4925.49473628
23 8 73 -2726.75366283
25 8 73 -2508.49079599
28 8 73 -3554.25029461
30 8 73 -3944.08072728
31 8 73 -3797.24278013
32 8 76 -2087.69899792
35 8 76 -3063.71434111
3 8 76 -2161.08157963
4 8 76 -2379.24422778
37 8 76 -4286.24395269
38 8 76 -2723.63129385
7 8 76 -2595.38652711
8 8 76 -732.091998895
9 8 76 -2979.43978459
13 8 76 -3598.22670076
15 8 76 -2892.70026652
40 8 76 -3044.33613961
18 8 76 -3325.90155874
19 8 76 -2060.76749893
22 8 76 -4868.25801963
23 8 76 -3162.30059256
25 8 76 -2602.09074915
28 8 76 -3353.76726357
30 8 76 -4265.51941515
31 8 76 -4019.8253364
32 8 78 -2098.44086543
35 8 78 -2981.83182049
3 8 78 -2226.0217938
4 8 78 -2496.17183863
37 8 78 -4452.54731162
38 8 78 -2575.70531448
7 8 78 -2565.0480983
8 8 78 -691.655636028
9 8 78 -3000.39876617
13 8 78 -3540.6981498
15 8 78 -2909.10814893
40 8 78 -2809.22672825
18 8 78 -3155.25147546
19 8 78 -2505.37044376
22 8 78 -4994.98954654
23 8 78 -2970.52101062
25 8 78 -2499.7702481
28 8 78 -3604.47789212
30 8 78 -4181.7459796
31 8 78 -3937.31381192
32 8 80 -2261.57702318
35 8 80 -3194.65768981
3 8 80 -1875.7763572
4 8 80 -2115.05695895
37 8 80 -4318.93080518
38 8 80 -2354.09956542
7 8 80 -2198.4312291
8 8 80 -927.625405163
9 8 80 -2612.40082091
13 8 80 -3594.04704241
15 8 80 -2975.03681472
40 8 80 -2827.51922591
18 8 80 -3272.01022795
19 8 80 -2345.10254923
22 8 80 -4965.64544654
23 8 80 -2756.61041324
25 8 80 -2534.00709474
28 8 80 -3504.03810812
30 8 80 -3915.78816507
31 8 80 -3767.35573821
32 9 81 -2257.12503753
35 9 81 -1827.37341604
3 9 81 -1423.47688671
4 9 81 -1408.20892892
37 9 81 -3493.58771141
38 9 81 -813.290671344
7 9 81 -1708.24587686
8 9 81 -2830.33097185
9 9 81 -440.804668614
13 9 81 -3538.15480112
15 9 81 -1309.85879627
40 9 81 -2274.25315842
18 9 81 -3316.52791926
19 9 81 -3360.40553868
22 9 81 -3123.93543656
23 9 81 -1158.22761439
25 9 81 -2046.89090589
28 9 81 -3291.05219755
30 9 81 -1774.6938882
31 9 81 -992.084921861
32 9 83 -2015.27055133
35 9 83 -1673.27047695
3 9 83 -1053.50798825
4 9 83 -1094.18668119
37 9 83 -3144.11506492
38 9 83 -1004.48327849
7 9 83 -1479.73949451
8 9 83 -2944.88805666
9 9 83 -496.517563559
13 9 83 -3258.69536491
15 9 83 -1315.83562863
40 9 83 -2169.04945439
18 9 83 -3110.55139117
19 9 83 -3089.37728544
22 9 83 -3045.01481015
23 9 83 -1470.08721655
25 9 83 -1850.05666806
28 9 83 -2920.67446796
30 9 83 -1973.30702794
31 9 83 -1066.01383852
32 9 86 -2299.58341004
35 9 86 -1833.02795897
3 9 86 -1242.04001738
4 9 86 -1650.73029142
37 9 86 -3641.66978806
38 9 86 -765.309535252
7 9 86 -1911.83395686
8 9 86 -2325.18820544
9 9 86 -394.516944982
13 9 86 -3415.05527655
15 9 86 -1439.56913414
40 9 86 -1877.08866062
18 9 86 -3087.81595043
19 9 86 -3450.87155831
22 9 86 -3760.55402748
23 9 86 -671.648738174
25 9 86 -1905.77946116
28 9 86 -3467.78517505
30 9 86 -2290.41384951
31 9 86 -1770.37251563
32 9 88 -2276.7926356
35 9 88 -2034.14792872
3 9 88 -1082.76970501
4 9 88 -1468.69321489
37 9 88 -3494.59904785
38 9 88 -967.918841577
7 9 88 -1617.02050619
8 9 88 -2730.44900086
9 9 88 -518.678335636
13 9 88 -3258.45258894
15 9 88 -1752.96291666
40 9 88 -1835.71617777
18 9 88 -2922.57295357
19 9 88 -3371.26091512
22 9 88 -3936.6935249
23 9 88 -969.396973654
25 9 88 -1985.74757663
28 9 88 -3418.90829542
30 9 88 -2315.63223428
31 9 88 -1771.1497493
32 9 90 -2236.17377105
35 9 90 -2220.44158955
3 9 90 -972.818010427
4 9 90 -1343.38125326
37 9 90 -3202.79721961
38 9 90 -1556.5247257
7 9 90 -933.981724613
8 9 90 -3596.89887296
9 9 90 -472.274218263
13 9 90 -3043.12804946
15 9 90 -2027.39156809
40 9 90 -1540.58080736
18 9 90 -2678.87509539
19 9 90 -3398.25229477
22 9 90 -3872.00227464
23 9 90 -1157.29379152
25 9 90 -2224.1994819
28 9 90 -3079.48623868
30 9 90 -2303.52212562
31 9 90 -1750.83648331
32 13 121 -1871.14266859
35 13 121 -1597.38251124
3 13 121 -1749.88728863
4 13 121 -3161.91106606
37 13 121 -1822.09663093
38 13 121 -4124.61601506
7 13 121 -4195.75068296
8 13 121 -3898.90867438
9 13 121 -3645.50440353
13 13 121 -293.530368258
15 13 121 -2740.12309186
40 13 121 -2294.57348727
18 13 121 -1804.48356128
19 13 121 -2377.41712902
22 13 121 -4423.66871413
23 13 121 -4228.36883629
25 13 121 -1404.4504427
28 13 121 -2183.9809314
30 13 121 -5125.14262269
31 13 121 -3129.37519976
32 13 123 -1686.87691563
35 13 123 -1648.63935587
3 13 123 -2143.2929009
4 13 123 -3428.96324109
37 13 123 -2412.39238052
38 13 123 -4203.63803252
7 13 123 -4262.92910161
8 13 123 -3947.77114615
9 13 123 -3739.47683873
13 13 123 -494.539498613
15 13 123 -2862.85569601
40 13 123 -2192.87362429
18 13 123 -1581.56782284
19 13 123 -2634.09491192
22 13 123 -4743.30242795
23 13 123 -4184.02132477
25 13 123 -1525.34345759
28 13 123 -2657.46302916
30 13 123 -5204.87808363
31 13 123 -3103.26210399
32 13 126 -2094.6058133
35 13 126 -1111.94671244
3 13 126 -2318.53416559
4 13 126 -2815.22523254
37 13 126 -1878.8909758
38 13 126 -4046.8882134
7 13 126 -3514.64070445
8 13 126 -3904.86679967
9 13 126 -3497.0289307
13 13 126 -438.827471093
15 13 126 -2894.92246355
40 13 126 -1644.77037374
18 13 126 -711.786344943
19 13 126 -2678.44342613
22 13 126 -4815.4901038
23 13 126 -4105.75035797
25 13 126 -1803.77444529
28 13 126 -2445.19409885
30 13 126 -5116.22758923
31 13 126 -3374.64861216
32 13 128 -1781.55853372
35 13 128 -1437.71408647
3 13 128 -2295.3279841
4 13 128 -2917.20393264
37 13 128 -2135.90873141
38 13 128 -4119.17901418
7 13 128 -3734.52251123
8 13 128 -3602.94754387
9 13 128 -3623.30775619
13 13 128 -174.018589684
15 13 128 -3059.32887735
40 13 128 -1757.23619252
18 13 128 -983.48558753
19 13 128 -2502.01652048
22 13 128 -4972.67955115
23 13 128 -4225.11342791
25 13 128 -1769.83067864
28 13 128 -2532.89103165
30 13 128 -5286.21196875
31 13 128 -3526.17883933
32 13 130 -1766.23957773
35 13 130 -1249.16033478
3 13 130 -1940.87031882
4 13 130 -2643.35259171
37 13 130 -1837.00936288
38 13 130 -3788.61670087
7 13 130 -3499.09459155
8 13 130 -3458.27268127
9 13 130 -3298.95892279
13 13 130 -101.364971159
15 13 130 -2716.79920554
40 13 130 -1599.71122826
18 13 130 -963.802614585
19 13 130 -2384.52257535
22 13 130 -4628.19383305
23 13 130 -3937.77968497
25 13 130 -1456.63232964
28 13 130 -2232.86447364
30 13 130 -4975.70395059
31 13 130 -3330.99051812
32 15 141 -1118.61171478
35 15 141 -1703.26655118
3 15 141 -2313.01327903
4 15 141 -1591.49224509
37 15 141 -2735.48080966
38 15 141 -2763.8724532
7 15 141 -1948.15253584
8 15 141 -2872.62198552
9 15 141 -2709.97748101
13 15 141 -2986.02429687
15 15 141 -396.148291885
40 15 141 -2918.39745869
18 15 141 -2999.43723366
19 15 141 -1875.63010394
22 15 141 -2557.69444318
23 15 141 -2961.78155908
25 15 141 -2039.00869947
28 15 141 -1728.59034162
30 15 141 -3056.71814824
31 15 141 -1354.21423035
32 15 143 -1200.12636372
35 15 143 -1876.37415578
3 15 143 -2310.64988261
4 15 143 -1540.14964485
37 15 143 -2720.25734648
38 15 143 -2663.8201265
7 15 143 -1857.99567836
8 15 143 -2769.08098899
9 15 143 -2679.14296654
13 15 143 -3153.55416262
15 15 143 -281.921610516
40 15 143 -3024.02549664
18 15 143 -3203.52419752
19 15 143 -1752.36396899
22 15 143 -2456.45363013
23 15 143 -2960.32460925
25 15 143 -2151.46844318
28 15 143 -1747.78877091
30 15 143 -2959.854247
31 15 143 -1404.77651724
32 15 146 -1171.29995492
35 15 146 -1452.39081559
3 15 146 -2127.53831414
4 15 146 -1712.76315132
37 15 146 -2524.41073713
38 15 146 -2939.83351216
7 15 146 -2231.92491786
8 15 146 -2860.5538745
9 15 146 -2854.50254969
13 15 146 -2777.63582082
15 15 146 -694.098295201
40 15 146 -2840.23482394
18 15 146 -2883.32776259
19 15 146 -1887.85010528
22 15 146 -2582.06864688
23 15 146 -3084.06573377
25 15 146 -1928.28074225
28 15 146 -1561.90140189
30 15 146 -3236.0874207
31 15 146 -1438.0215889
32 15 148 -1502.02248918
35 15 148 -2285.60823766
3 15 148 -2452.25879029
4 15 148 -1597.63658005
37 15 148 -2917.8990922
38 15 148 -2512.08196501
7 15 148 -1605.35089141
8 15 148 -3031.57120237
9 15 148 -2562.89873749
13 15 148 -3532.12794675
15 15 148 -373.744157345
40 15 148 -3209.24778039
18 15 148 -3492.73885679
19 15 148 -2157.870781
22 15 148 -2190.36076536
23 15 148 -2704.27431181
25 15 148 -2357.52458155
28 15 148 -2142.78121147
30 15 148 -2496.81811536
31 15 148 -1112.27693407
32 15 150 -2215.22528953
35 15 150 -857.189583067
3 15 150 -1794.43375402
4 15 150 -1955.28276938
37 15 150 -3155.66528484
38 15 150 -1874.52584452
7 15 150 -2458.41946591
8 15 150 -3087.78184987
9 15 150 -1433.78508391
13 15 150 -2903.20257264
15 15 150 -254.398696202
40 15 150 -1800.27058494
18 15 150 -2836.53635034
19 15 150 -3619.16567716
22 15 150 -3059.84790101
23 15 150 -1379.99752064
25 15 150 -1507.31448607
28 15 150 -2735.25394311
30 15 150 -2270.12714497
31 15 150 -1795.47003835
32 18 171 -2444.65932741
35 18 171 -1321.04246032
3 18 171 -2467.18637924
4 18 171 -2136.48323639
37 18 171 -2826.31728642
38 18 171 -3793.76474447
7 18 171 -2719.18956752
8 18 171 -3879.48955192
9 18 171 -3224.85146287
13 18 171 -1195.19727698
15 18 171 -3229.95920919
40 18 171 -1307.37600257
18 18 171 -625.067581353
19 18 171 -3293.47129573
22 18 171 -5349.26414053
23 18 171 -3514.69992764
25 18 171 -2102.79894279
28 18 171 -2953.37125579
30 18 171 -4752.76590125
31 18 171 -3930.96423166
32 18 173 -1975.64660376
35 18 173 -1584.63995202
3 18 173 -2113.44743436
4 18 173 -2734.10310144
37 18 173 -2464.80503796
38 18 173 -3485.21894171
7 18 173 -3478.94936325
8 18 173 -3426.17428266
9 18 173 -3024.57227622
13 18 173 -958.113140956
15 18 173 -2626.59212372
40 18 173 -1152.81038103
18 18 173 -659.536495825
19 18 173 -3029.82268534
22 18 173 -4952.54456537
23 18 173 -3515.85780655
25 18 173 -1350.28412289
28 18 173 -2964.13191568
30 18 173 -4778.56724548
31 18 173 -3600.14414662
32 18 176 -1927.64446456
35 18 176 -1584.38242193
3 18 176 -2362.38558953
4 18 176 -2286.33787302
37 18 176 -2616.90597474
38 18 176 -3505.58527349
7 18 176 -3098.86658588
8 18 176 -3146.63872058
9 18 176 -3009.49617828
13 18 176 -939.643138671
15 18 176 -3005.60587894
40 18 176 -1061.79995791
18 18 176 -519.924728995
19 18 176 -2946.97430409
22 18 176 -5208.18153369
23 18 176 -3544.90135488
25 18 176 -1408.26479036
28 18 176 -2828.36727607
30 18 176 -4758.25500939
31 18 176 -3969.90582149
32 18 178 -1930.56045063
35 18 178 -1532.00484069
3 18 178 -2237.18209995
4 18 178 -2680.47730814
37 18 178 -2528.47751956
38 18 178 -3536.84947199
7 18 178 -3409.03893568
8 18 178 -3390.02362031
9 18 178 -3102.86810338
13 18 178 -896.071575359
15 18 178 -2728.05073823
40 18 178 -1090.66528943
18 18 178 -515.737357414
19 18 178 -2985.62245958
22 18 178 -5027.55966359
23 18 178 -3553.9574765
25 18 178 -1383.76364952
28 18 178 -2957.31960103
30 18 178 -4793.0394499
31 18 178 -3642.88327213
32 18 180 -2318.34670022
35 18 180 -1985.0721573
3 18 180 -2411.69521854
4 18 180 -2360.63823953
37 18 180 -3070.36719801
38 18 180 -3362.61271933
7 18 180 -3049.88715508
8 18 180 -3237.902386
9 18 180 -2902.86100725
13 18 180 -1523.98753327
15 18 180 -2957.54531563
40 18 180 -947.673539818
18 18 180 -860.633250314
19 18 180 -3485.41028062
22 18 180 -5498.68815747
23 18 180 -3258.8806135
25 18 180 -1584.2872319
28 18 180 -3354.18719928
30 18 180 -4615.64448502
31 18 180 -4118.57010403
32 19 181 -1428.2381672
35 19 181 -1704.99909037
3 19 181 -2470.16033271
4 19 181 -2794.64213385
37 19 181 -2347.27905612
38 19 181 -4145.4365346
7 19 181 -3594.69453955
8 19 181 -2927.08962871
9 19 181 -4048.0593746
13 19 181 -2543.83899345
15 19 181 -2369.60804236
40 19 181 -3459.58049639
18 19 181 -2957.93085057
19 19 181 -461.438102704
22 19 181 -3752.47607511
23 19 181 -4607.53697384
25 19 181 -2540.537593
28 19 181 -1360.8982706
30 19 181 -4920.11945704
31 19 181 -2876.86765174
32 19 183 -1538.90751742
35 19 183 -1886.95132242
3 19 183 -2821.78542229
4 19 183 -3563.46076656
37 19 183 -2376.0502851
38 19 183 -4937.10760453
7 19 183 -4402.96218988
8 19 183 -3656.55802994
9 19 183 -4710.37624048
13 19 183 -2395.68353349
15 19 183 -3095.73075398
40 19 183 -3644.13018881
18 19 183 -2893.30505771
19 19 183 -709.511487701
22 19 183 -4265.92614703
23 19 183 -5104.11877018
25 19 183 -2782.56530509
28 19 183 -1948.27020825
30 19 183 -5537.88919657
31 19 183 -2810.69531638
32 19 186 -1825.00228548
35 19 186 -1797.03411872
3 19 186 -2275.59987925
4 19 186 -3208.69795893
37 19 186 -1648.69664205
38 19 186 -4548.49120908
7 19 186 -4089.96349862
8 19 186 -3531.81438167
9 19 186 -4270.79147477
13 19 186 -2270.62892168
15 19 186 -2806.7630221
40 19 186 -3577.63246797
18 19 186 -3107.63390374
19 19 186 -687.728072919
22 19 186 -3615.62773193
23 19 186 -4794.10855407
25 19 186 -2407.23100589
28 19 186 -1348.7470548
30 19 186 -5075.85444568
31 19 186 -2639.35372127
32 19 188 -1397.745348
35 19 188 -1598.7898926
3 19 188 -2465.25300399
4 19 188 -3048.68261446
37 19 188 -2454.63817009
38 19 188 -4368.86028317
7 19 188 -3893.16456993
8 19 188 -2969.81815758
9 19 188 -4215.64509649
13 19 188 -2335.18095989
15 19 188 -2604.27755818
40 19 188 -3365.1263559
18 19 188 -2794.3547321
19 19 188 -328.894921292
22 19 188 -4009.30240775
23 19 188 -4664.07807093
25 19 188 -2447.65234263
28 19 188 -1660.71345914
30 19 188 -5087.2680782
31 19 188 -2851.29844432
32 19 190 -1571.90175938
35 19 190 -1861.40355218
3 19 190 -2079.4219967
4 19 190 -2656.86292375
37 19 190 -2134.89951426
38 19 190 -3894.98466046
7 19 190 -3513.70064653
8 19 190 -2710.60491654
9 19 190 -3768.46525642
13 19 190 -2754.21481362
15 19 190 -2338.40771365
40 19 190 -3414.29722309
18 19 190 -3283.34440519
19 19 190 -1018.28445145
22 19 190 -3440.09032355
23 19 190 -4403.03226893
25 19 190 -2312.15137014
28 19 190 -1281.93315687
30 19 190 -4620.91670808
31 19 190 -2962.66019388
32 22 211 -3678.95207463
35 22 211 -3090.58468946
3 22 211 -3621.37268515
4 22 211 -3175.44513079
37 22 211 -2893.94228892
38 22 211 -3316.54799263
7 22 211 -3028.24557931
8 22 211 -4049.06118501
9 22 211 -3389.84444538
13 22 211 -4992.26493759
15 22 211 -2756.58878756
40 22 211 -4281.89714755
18 22 211 -5239.17359793
19 22 211 -3828.06467524
22 22 211 -253.977497342
23 22 211 -3683.99635929
25 22 211 -3875.99730605
28 22 211 -3070.41474718
30 22 211 -2483.4732029
31 22 211 -2286.18496212
32 22 213 -3528.11336104
35 22 213 -2984.15065238
3 22 213 -3390.15168083
4 22 213 -2969.23381486
37 22 213 -2979.24821588
38 22 213 -3061.80131176
7 22 213 -2759.46913679
8 22 213 -3952.68907399
9 22 213 -3143.69638098
13 22 213 -4959.38824811
15 22 213 -2650.65000244
40 22 213 -4205.62945589
18 22 213 -5120.32843763
19 22 213 -3725.37298749
22 22 213 -352.632266266
23 22 213 -3457.36476006
25 22 213 -3812.35151432
28 22 213 -3084.05351842
30 22 213 -2289.98027188
31 22 213 -2241.5167452
32 22 216 -4101.47690054
35 22 216 -3351.58754697
3 22 216 -3864.17424014
4 22 216 -3522.47669923
37 22 216 -3475.93709622
38 22 216 -3265.49801495
7 22 216 -3280.81691108
8 22 216 -4211.30328278
9 22 216 -3446.03498885
13 22 216 -5428.68273417
15 22 216 -3107.38046544
40 22 216 -4446.62834595
18 22 216 -5673.50254575
19 22 216 -4333.45109603
22 22 216 -585.420761207
23 22 216 -3660.45291143
25 22 216 -4222.9429398
28 22 216 -3639.70432593
30 22 216 -2267.51896855
31 22 216 -2561.62774557
32 22 218 -3867.20448584
35 22 218 -3220.59291753
3 22 218 -3748.87046458
4 22 218 -3335.94648685
37 22 218 -2993.65681399
38 22 218 -3417.09487168
7 22 218 -3178.00596458
8 22 218 -4184.89059209
9 22 218 -3499.43252597
13 22 218 -5129.29134926
15 22 218 -2960.84459798
40 22 218 -4390.09083741
18 22 218 -5400.81718828
19 22 218 -3999.26886848
22 22 218 -199.521663414
23 22 218 -3806.44424936
25 22 218 -4016.09777808
28 22 218 -3222.53278697
30 22 218 -2568.47555656
31 22 218 -2478.26577811
32 22 220 -3981.35849024
35 22 220 -3097.80089421
3 22 220 -3636.51205659
4 22 220 -3612.18550077
37 22 220 -2637.59241986
38 22 220 -3844.60111639
7 22 220 -3657.87587161
8 22 220 -4337.38131514
9 22 220 -3830.58884053
13 22 220 -4777.59446081
15 22 220 -2929.84591155
40 22 220 -4194.50696945
18 22 220 -5292.42093852
19 22 220 -4197.480919
22 22 220 -402.719607099
23 22 220 -4040.65582192
25 22 220 -3710.54560158
28 22 220 -2965.82723185
30 22 220 -2910.38016527
31 22 220 -2374.2378756
32 23 221 -2883.17560258
35 23 221 -2690.85656682
3 23 221 -1686.85144156
4 23 221 -2179.68203288
37 23 221 -4358.98043372
38 23 221 -1063.51889705
7 23 221 -1828.17309713
8 23 221 -2701.67361754
9 23 221 -725.785004157
13 23 221 -4016.79638178
15 23 221 -2210.74175374
40 23 221 -2472.22354373
18 23 221 -3565.7197738
19 23 221 -3943.16416078
22 23 221 -4248.81701761
23 23 221 -497.242882999
25 23 221 -2687.14921626
28 23 221 -4211.97259449
30 23 221 -2152.27019925
31 23 221 -2021.13669043
32 23 223 -3172.99353551
35 23 223 -2440.77527869
3 23 223 -2636.36321012
4 23 223 -2770.64129868
37 23 223 -4601.94144308
38 23 223 -1625.65649083
7 23 223 -2523.84219819
8 23 223 -3653.89763326
9 23 223 -1692.38230995
13 23 223 -4372.32980112
15 23 223 -1573.13022876
40 23 223 -2932.19440966
18 23 223 -3909.18256888
19 23 223 -4613.18885017
22 23 223 -3708.41651189
23 23 223 -229.491473433
25 23 223 -2846.99958489
28 23 223 -4289.58803957
30 23 223 -1564.56270514
31 23 223 -1602.66278982
32 23 226 -2981.87842199
35 23 226 -2120.03708703
3 23 226 -2530.90557063
4 23 226 -2575.99015626
37 23 226 -4365.34319563
38 23 226 -1278.69454971
7 23 226 -2559.96449986
8 23 226 -3123.87520771
9 23 226 -1320.15734267
13 23 226 -4077.17095939
15 23 226 -1296.7520998
40 23 226 -2596.30779937
18 23 226 -3681.29266763
19 23 226 -4371.94502261
22 23 226 -3675.49668451
23 23 226 -314.143344418
25 23 226 -2520.28643997
28 23 226 -3981.45776111
30 23 226 -1880.85693219
31 23 226 -1749.3402059
32 23 228 -3013.64622167
35 23 228 -2976.38223777
3 23 228 -2158.70839916
4 23 228 -2240.24901544
37 23 228 -4443.48320449
38 23 228 -1755.50699447
7 23 228 -1574.04963803
8 23 228 -3876.18037339
9 23 228 -940.694091264
13 23 228 -4081.70005415
15 23 228 -2442.10054806
40 23 228 -2545.26107794
18 23 228 -3511.41997679
19 23 228 -4237.59576539
22 23 228 -4266.7624371
23 23 228 -373.544694714
25 23 228 -3049.81722102
28 23 228 -4237.35975995
30 23 228 -1714.38247941
31 23 228 -1863.22146641
32 23 230 -2499.10166334
35 23 230 -2517.00734246
3 23 230 -1331.40774199
4 23 230 -1743.50590314
37 23 230 -4018.40904041
38 23 230 -873.789242429
7 23 230 -1452.91705275
8 23 230 -2640.69671115
9 23 230 -585.870454194
13 23 230 -3691.85409919
15 23 230 -2135.35077477
40 23 230 -2242.58669415
18 23 230 -3263.90866433
19 23 230 -3498.57851067
22 23 230 -4079.64217776
23 23 230 -790.269012253
25 23 230 -2395.82835532
28 23 230 -3787.68141091
30 23 230 -2167.1990115
31 23 230 -1920.26285255
32 25 241 -1741.38799948
35 25 241 -1018.54934677
3 25 241 -1230.63784321
4 25 241 -1479.32639929
37 25 241 -2446.23977267
38 25 241 -2001.89078738
7 25 241 -2326.22883184
8 25 241 -2740.80040652
9 25 241 -1457.4279215
13 25 241 -2024.16479283
15 25 241 -1438.66235036
40 25 241 -720.387164183
18 25 241 -1754.97161572
19 25 241 -3039.93705294
22 25 241 -3978.00973757
23 25 241 -2016.01922979
25 25 241 -727.831726841
28 25 241 -2624.7577055
30 25 241 -3277.4215992
31 25 241 -2513.75710686
32 25 243 -1531.87872313
35 25 243 -1384.21221283
3 25 243 -1308.96928949
4 25 243 -1357.52974958
37 25 243 -2327.84375766
38 25 243 -2234.20247418
7 25 243 -2278.11332838
8 25 243 -2671.75274137
9 25 243 -1723.07669624
13 25 243 -1600.27700946
15 25 243 -1882.12225421
40 25 243 -639.183338837
18 25 243 -1399.38000619
19 25 243 -2787.79987902
22 25 243 -4209.85095961
23 25 243 -2370.57887008
25 25 243 -514.129093761
28 25 243 -2397.54335444
30 25 243 -3560.34924703
31 25 243 -2867.83941764
32 25 246 -1621.96736161
35 25 246 -944.626173493
3 25 246 -945.754931184
4 25 246 -1756.99918152
37 25 246 -2211.81980048
38 25 246 -2385.20046004
7 25 246 -2796.70542342
8 25 246 -2600.77862172
9 25 246 -1971.558986
13 25 246 -1617.38025272
15 25 246 -1423.28246837
40 25 246 -1037.18243573
18 25 246 -1660.37678403
19 25 246 -2652.9728101
22 25 246 -3721.3764289
23 25 246 -2598.24262896
25 25 246 -462.869822031
28 25 246 -2081.05645812
30 25 246 -3629.96072362
31 25 246 -2827.70211718
32 25 248 -1584.2030723
35 25 248 -1116.91581465
3 25 248 -995.300771107
4 25 248 -2203.34702351
37 25 248 -2152.17269044
38 25 248 -2837.15007824
7 25 248 -3218.12637748
8 25 248 -2871.39363713
9 25 248 -2423.46091289
13 25 248 -1297.15682302
15 25 248 -1713.70155209
40 25 248 -1246.52339723
18 25 248 -1514.01478816
19 25 248 -2453.7923561
22 25 248 -3897.90667259
23 25 248 -3001.53561918
25 25 248 -450.178043671
28 25 248 -2042.60345631
30 25 248 -4011.03450554
31 25 248 -2890.36921566
32 25 250 -1352.73260946
35 25 250 -1224.51534106
3 25 250 -1262.66233485
4 25 250 -1369.02992106
37 25 250 -2293.3595011
38 25 250 -2200.66085453
7 25 250 -2265.47425401
8 25 250 -2568.58209075
9 25 250 -1730.88542996
13 25 250 -1653.53648823
15 25 250 -1745.45999339
40 25 250 -796.755669193
18 25 250 -1490.50697779
19 25 250 -2637.08092016
22 25 250 -3979.59033254
23 25 250 -2361.25873334
25 25 250 -353.54556726
28 25 250 -2250.80901435
30 25 250 -3496.18322493
31 25 250 -2791.3276222
32 28 271 -2910.24639508
35 28 271 -2236.4543063
3 28 271 -1822.91162564
4 28 271 -2947.85800497
37 28 271 -1181.36683384
38 28 271 -4134.50681428
7 28 271 -3894.29947458
8 28 271 -4227.0924616
9 28 271 -3538.00056086
13 28 271 -1754.5860807
15 28 271 -2704.19317234
40 28 271 -2804.18925533
18 28 271 -2790.82473267
19 28 271 -2612.42137765
22 28 271 -3522.5904345
23 28 271 -4441.57916088
25 28 271 -2083.79220936
28 28 271 -1524.03758258
30 28 271 -4879.2485046
31 28 271 -3186.66337281
32 28 273 -3032.16636297
35 28 273 -2194.09735329
3 28 273 -1652.48741078
4 28 273 -2887.42044743
37 28 273 -1444.67030183
38 28 273 -3899.61230861
7 28 273 -3825.97520604
8 28 273 -3970.4048545
9 28 273 -3296.67750604
13 28 273 -1972.6846893
15 28 273 -2571.35657208
40 28 273 -2555.82115125
18 28 273 -3083.90320105
19 28 273 -2866.84401445
22 28 273 -3358.63549948
23 28 273 -4252.28106128
25 28 273 -1989.77182656
28 28 273 -1587.78911411
30 28 273 -4637.45320474
31 28 273 -3310.10696495
32 28 276 -2942.40945377
35 28 276 -2191.43749539
3 28 276 -1743.96472334
4 28 276 -2749.71808654
37 28 276 -1171.63963432
38 28 276 -3878.96233967
7 28 276 -3666.81236586
8 28 276 -4090.20870685
9 28 276 -3270.69580508
13 28 276 -1993.95656575
15 28 276 -2535.21684995
40 28 276 -2716.51865299
18 28 276 -2889.29370739
19 28 276 -2788.32907866
22 28 276 -3325.11874787
23 28 276 -4233.2649503
25 28 276 -2093.32481376
28 28 276 -1513.60693509
30 28 276 -4628.60937612
31 28 276 -3223.05330431
32 28 278 -2987.40804843
35 28 278 -2145.41015591
3 28 278 -2407.36035262
4 28 278 -2695.0413906
37 28 278 -544.266578464
38 28 278 -3903.99440934
7 28 278 -3421.66801882
8 28 278 -4737.26605866
9 28 278 -3464.77687259
13 28 278 -2286.368719
15 28 278 -2996.0842919
40 28 278 -2602.45194382
18 28 278 -2411.13419462
19 28 278 -3137.9749085
22 28 278 -3883.0409791
23 28 278 -4355.03450698
25 28 278 -2715.8463022
28 28 278 -1675.90129657
30 28 278 -4927.39395181
31 28 278 -3575.86656405
32 28 280 -2716.68769795
35 28 280 -2210.15048364
3 28 280 -1679.88656528
4 28 280 -3223.05040162
37 28 280 -1320.26803672
38 28 280 -4333.64923318
7 28 280 -4236.08764524
8 28 280 -3997.30060683
9 28 280 -3768.30984865
13 28 280 -1479.55797057
15 28 280 -2861.62356701
40 28 280 -2645.98863478
18 28 280 -2982.76046069
19 28 280 -2386.09574052
22 28 280 -3722.52363456
23 28 280 -4588.49175402
25 28 280 -1796.66169816
28 28 280 -1567.79202296
30 28 280 -5049.14361521
31 28 280 -3226.38956345
32 30 291 -2750.78627337
35 30 291 -2615.44015615
3 30 291 -2540.22590264
4 30 291 -2219.50472551
37 30 291 -4269.70561111
38 30 291 -1439.84598928
7 30 291 -1799.15150114
8 30 291 -3162.79616103
9 30 291 -1821.0054394
13 30 291 -4589.75725375
15 30 291 -1935.50027756
40 30 291 -3449.50932003
18 30 291 -4378.05671154
19 30 291 -3686.51410041
22 30 291 -2393.3665019
23 30 291 -1406.94432459
25 30 291 -2993.08226094
28 30 291 -3725.02165425
30 30 291 -780.408991921
31 30 291 -1133.38991878
32 30 293 -3282.81232922
35 30 293 -2842.7297686
3 30 293 -3041.94920637
4 30 293 -2794.31065963
37 30 293 -4708.66960261
38 30 293 -1430.99662149
7 30 293 -2528.2455441
8 30 293 -3256.65147615
9 30 293 -2117.84273221
13 30 293 -4994.54307251
15 30 293 -2103.84632232
40 30 293 -3605.53043504
18 30 293 -4709.85249522
19 30 293 -4291.94166897
22 30 293 -2743.01292773
23 30 293 -1333.78450391
25 30 293 -3327.11786544
28 30 293 -4173.27726353
30 30 293 -579.65059737
31 30 293 -1357.78733702
32 30 296 -2819.37567734
35 30 296 -2854.63969077
3 30 296 -2482.83400436
4 30 296 -2208.61538728
37 30 296 -4588.01724504
38 30 296 -1385.62909162
7 30 296 -1718.31772145
8 30 296 -3319.43162639
9 30 296 -1684.97951127
13 30 296 -4609.81607836
15 30 296 -2146.571686
40 30 296 -3431.65613022
18 30 296 -4375.79234514
19 30 296 -3780.85211944
22 30 296 -2761.1723752
23 30 296 -1377.24002515
25 30 296 -3088.53803086
28 30 296 -4007.28629441
30 30 296 -625.067922192
31 30 296 -1086.05073847
32 30 298 -3281.27784979
35 30 298 -2841.51647293
3 30 298 -3144.78534127
4 30 298 -2900.06804741
37 30 298 -4360.04189094
38 30 298 -2069.62942714
7 30 298 -2450.75921415
8 30 298 -3614.74904111
9 30 298 -2501.88512567
13 30 298 -5013.5551828
15 30 298 -2230.87412023
40 30 298 -3874.97715563
18 30 298 -4877.38324759
19 30 298 -4202.52526752
22 30 298 -2113.97863179
23 30 298 -1855.70684023
25 30 298 -3464.89921657
28 30 298 -3934.07901174
30 30 298 -344.450767391
31 30 298 -1362.50512365
32 30 300 -2780.85044406
35 30 300 -2577.95891684
3 30 300 -2669.00719422
4 30 300 -2291.40251278
37 30 300 -4262.02008585
38 30 300 -1306.94736949
7 30 300 -1996.49646774
8 30 300 -2939.05790791
9 30 300 -1830.91346339
13 30 300 -4623.5890219
15 30 300 -1878.56668824
40 30 300 -3427.55313932
18 30 300 -4399.49521516
19 30 300 -3702.49727607
22 30 300 -2446.11099738
23 30 300 -1360.96378726
25 30 300 -2974.00429187
28 30 300 -3701.89591074
30 30 300 -683.035212258
31 30 300 -1329.57274409
32 31 301 -3014.89934766
35 31 301 -2334.70978849
3 31 301 -1926.61027223
4 31 301 -2196.5093689
37 31 301 -3788.64471292
38 31 301 -1628.38605452
7 31 301 -1924.59145547
8 31 301 -3852.24419763
9 31 301 -1517.58286064
13 31 301 -4294.20504454
15 31 301 -1846.46854333
40 31 301 -3127.17795578
18 31 301 -4102.70962354
19 31 301 -4017.20578335
22 31 301 -2507.68048836
23 31 301 -1621.64451739
25 31 301 -2908.76345212
28 31 301 -3698.73667865
30 31 301 -1398.06474952
31 31 301 -325.400182998
32 31 303 -2548.1406034
35 31 303 -2245.38578105
3 31 303 -2850.65656937
4 31 303 -2931.46235963
37 31 303 -2456.61050995
38 31 303 -3980.25432809
7 31 303 -3250.60855316
8 31 303 -4107.21804032
9 31 303 -3697.98649794
13 31 303 -3146.86379071
15 31 303 -1866.05059043
40 31 303 -3544.99479004
18 31 303 -3406.35267108
19 31 303 -2670.02261311
22 31 303 -2251.33400214
23 31 303 -3563.47688214
25 31 303 -2562.61719733
28 31 303 -2087.49618039
30 31 303 -3406.33055938
31 31 303 -175.454522521
32 31 306 -2084.27587665
35 31 306 -1640.30787921
3 31 306 -1566.57474777
4 31 306 -1376.36441787
37 31 306 -2592.42128604
38 31 306 -2059.35531165
7 31 306 -1506.05963422
8 31 306 -3344.30848087
9 31 306 -1727.76788152
13 31 306 -3468.88004277
15 31 306 -1356.37197748
40 31 306 -2890.81223143
18 31 306 -3436.79575505
19 31 306 -2806.87523263
22 31 306 -1972.18397723
23 31 306 -2370.64866688
25 31 306 -2198.49298436
28 31 306 -2213.01450552
30 31 306 -2265.63726176
31 31 306 -1511.18866404
32 31 308 -2567.37657356
35 31 308 -1986.62923937
3 31 308 -1575.10773202
4 31 308 -1773.91906204
37 31 308 -3223.02340962
38 31 308 -1760.57576225
7 31 308 -1543.82375463
8 31 308 -3649.73637487
9 31 308 -1484.68392605
13 31 308 -3883.99135478
15 31 308 -1730.33458975
40 31 308 -2914.9936459
18 31 308 -3796.69867248
19 31 308 -3440.40688319
22 31 308 -2145.77071684
23 31 308 -2006.82495677
25 31 308 -2566.15324223
28 31 308 -3045.14475234
30 31 308 -1852.20722022
31 31 308 -743.640465316
32 31 310 -2533.33716531
35 31 310 -2262.00556959
3 31 310 -2818.14663354
4 31 310 -2893.92385261
37 31 310 -2490.87787096
38 31 310 -3887.32723124
7 31 310 -3201.21848219
8 31 310 -4049.7263783
9 31 310 -3615.20450357
13 31 310 -3161.22081389
15 31 310 -1839.76945297
40 31 310 -3476.20343279
18 31 310 -3425.52630108
19 31 310 -2743.50717623
22 31 310 -2193.55332543
23 31 310 -3459.08928611
25 31 310 -2523.61278641
28 31 310 -2106.51525463
30 31 310 -3287.19838859
31 31 310 -191.088188662
32 32 311 -683.648734709
35 32 311 -1271.20693823
3 32 311 -2438.36924716
4 32 311 -2611.96204799
37 32 311 -3123.81266567
38 32 311 -3694.16928786
7 32 311 -3350.08001208
8 32 311 -2565.2516275
9 32 311 -3470.81927189
13 32 311 -1535.93651349
15 32 311 -2698.16448061
40 32 311 -2018.75945721
18 32 311 -1394.56835881
19 32 311 -1631.75601171
22 32 311 -4652.1787634
23 32 311 -3835.57974653
25 32 311 -1808.93641512
28 32 311 -2558.14282711
30 32 311 -4794.26254485
31 32 311 -3119.62881255
32 32 313 -305.355300948
35 32 313 -1204.38387568
3 32 313 -2007.84939704
4 32 313 -3071.9241004
37 32 313 -2756.75667905
38 32 313 -3876.28823935
7 32 313 -4001.77752822
8 32 313 -2871.46082162
9 32 313 -3722.00049625
13 32 313 -1629.62596418
15 32 313 -2777.36955374
40 32 313 -2469.91462639
18 32 313 -2144.53205252
19 32 313 -1357.49447005
22 32 313 -4317.79345102
23 32 313 -4057.1323301
25 32 313 -1690.4598618
28 32 313 -2243.61152254
30 32 313 -4840.60196553
31 32 313 -2743.32607078
32 32 316 -444.668525657
35 32 316 -1363.75489758
3 32 316 -1846.76425214
4 32 316 -1955.89040894
37 32 316 -3082.93331679
38 32 316 -2920.95557138
7 32 316 -2764.11529574
8 32 316 -1626.11641
9 32 316 -2885.69386893
13 32 316 -2228.1504169
15 32 316 -1923.85716233
40 32 316 -2283.08403321
18 32 316 -2263.14421738
19 32 316 -1620.23784694
22 32 316 -3896.33746927
23 32 316 -3338.62405459
25 32 316 -1619.16459009
28 32 316 -2026.46968196
30 32 316 -4071.63324112
31 32 316 -2879.45395791
32 32 318 -446.11234292
35 32 318 -1065.90005989
3 32 318 -1924.39766339
4 32 318 -2480.85778654
37 32 318 -2912.83877515
38 32 318 -3473.26773664
7 32 318 -3374.68468651
8 32 318 -2171.39793873
9 32 318 -3391.21672012
13 32 318 -1739.4419968
15 32 318 -2378.48169199
40 32 318 -2319.241106
18 32 318 -1966.55110432
19 32 318 -1192.20001265
22 32 318 -4168.37392265
23 32 318 -3826.93552165
25 32 318 -1685.58818681
28 32 318 -2005.77181087
30 32 318 -4573.30648742
31 32 318 -3008.05899353
32 32 320 -585.035216433
35 32 320 -1376.20293248
3 32 320 -1759.0955558
4 32 320 -1700.32963997
37 32 320 -2934.4698948
38 32 320 -2796.83374689
7 32 320 -2528.75566994
8 32 320 -1817.80493936
9 32 320 -2763.07656774
13 32 320 -2390.08549484
15 32 320 -1597.22836052
40 32 320 -2427.60421046
18 32 320 -2480.89960669
19 32 320 -1328.63908129
22 32 320 -3541.44699032
23 32 320 -3303.54952779
25 32 320 -1715.80994829
28 32 320 -1741.88971064
30 32 320 -3838.41871818
31 32 320 -2606.7770096
32 35 341 -2891.05512451
35 35 341 -1160.09059046
3 35 341 -2304.37571861
4 35 341 -2753.57866858
37 35 341 -3234.9559639
38 35 341 -2633.97058921
7 35 341 -3265.3621363
8 35 341 -3781.11878085
9 35 341 -1982.44360162
13 35 341 -2635.76251308
15 35 341 -1081.64393415
40 35 341 -1588.27049653
18 35 341 -2635.57536312
19 35 341 -4166.78902138
22 35 341 -3850.4306589
23 35 341 -1814.74648317
25 35 341 -1819.80038111
28 35 341 -3252.27834701
30 35 341 -3138.68257273
31 35 341 -2593.90138013
32 35 343 -2048.73025744
35 35 343 -1106.11128035
3 35 343 -1820.00029287
4 35 343 -2103.44360012
37 35 343 -2076.96718387
38 35 343 -3177.04685187
7 35 343 -2715.10891736
8 35 343 -3750.63181863
9 35 343 -2640.4450754
13 35 343 -2162.36965016
15 35 343 -1086.60434405
40 35 343 -2440.04566448
18 35 343 -2445.09155403
19 35 343 -2720.0317342
22 35 343 -2483.31038639
23 35 343 -2897.46242021
25 35 343 -1625.54796256
28 35 343 -1562.67823361
30 35 343 -3258.84489446
31 35 343 -1554.58191874
32 35 346 -987.631001255
35 35 346 -858.705002512
3 35 346 -1387.30723599
4 35 346 -1538.66730263
37 35 346 -2226.32027095
38 35 346 -2633.45123883
7 35 346 -2473.49292217
8 35 346 -2589.14619852
9 35 346 -2252.83458831
13 35 346 -1404.83822575
15 35 346 -1889.31828871
40 35 346 -1342.71163677
18 35 346 -1445.74357408
19 35 346 -2242.05412513
22 35 346 -3837.02294189
23 35 346 -2922.07706372
25 35 346 -725.792624609
28 35 346 -1790.51015455
30 35 346 -3823.9871385
31 35 346 -2751.24829507
32 35 348 -1305.3880803
35 35 348 -1102.05547874
3 35 348 -1234.66454283
4 35 348 -1301.82019673
37 35 348 -2303.44724594
38 35 348 -2153.12034445
7 35 348 -2139.06600349
8 35 348 -2781.94802236
9 35 348 -1617.47602449
13 35 348 -1691.01849157
15 35 348 -1578.56392388
40 35 348 -887.393706969
18 35 348 -1496.64133177
19 35 348 -2729.748148
22 35 348 -3879.47900385
23 35 348 -2337.14904437
25 35 348 -588.2383133
28 35 348 -2242.46137172
30 35 348 -3302.69474216
31 35 348 -2608.91079468
32 35 350 -1916.84344905
35 35 350 -932.373119312
3 35 350 -1480.67039118
4 35 350 -1604.07662727
37 35 350 -2329.32364657
38 35 350 -2852.49072039
7 35 350 -1821.19323863
8 35 350 -3815.3184745
9 35 350 -2125.46083984
13 35 350 -1618.81898241
15 35 350 -2070.16279018
40 35 350 -798.620839269
18 35 350 -1144.52946362
19 35 350 -3352.61889012
22 35 350 -4232.60694445
23 35 350 -2624.20596472
25 35 350 -1493.61190246
28 35 350 -2462.01352044
30 35 350 -3582.02677142
31 35 350 -2954.55059659
32 37 361 -2952.6217232
35 37 361 -2047.82291425
3 37 361 -2040.90001808
4 37 361 -2645.86505239
37 37 361 -332.451834538
38 37 361 -3737.94972802
7 37 361 -3481.17391397
8 37 361 -4535.88937369
9 37 361 -3204.42900493
13 37 361 -2091.97711569
15 37 361 -2716.01118699
40 37 361 -2429.28797186
18 37 361 -2269.34762931
19 37 361 -3205.78073913
22 37 361 -3912.23185543
23 37 361 -4183.80760897
25 37 361 -2387.37455783
28 37 361 -1921.32664897
30 37 361 -4813.74903185
31 37 361 -3558.03825139
32 37 363 -3042.69333354
35 37 363 -2042.34294744
3 37 363 -2106.79511514
4 37 363 -2797.60860884
37 37 363 -342.788076295
38 37 363 -3904.84023798
7 37 363 -3646.5168127
8 37 363 -4608.8962612
9 37 363 -3330.69785848
13 37 363 -1997.64736352
15 37 363 -2724.34859746
40 37 363 -2545.36979994
18 37 363 -2249.34745456
19 37 363 -3172.21008833
22 37 363 -3927.15397701
23 37 363 -4250.21119546
25 37 363 -2406.34996503
28 37 363 -2019.93299253
30 37 363 -4899.79328344
31 37 363 -3460.1495149
32 37 366 -3012.42105238
35 37 366 -2435.78382976
3 37 366 -2417.71309905
4 37 366 -3056.66122929
37 37 366 -274.167706624
38 37 366 -4394.79483064
7 37 366 -3775.58319792
8 37 366 -4368.2292965
9 37 366 -3959.67478514
13 37 366 -2675.21953392
15 37 366 -2823.45977918
40 37 366 -3600.00511739
18 37 366 -3444.2593011
19 37 366 -2251.22484228
22 37 366 -2617.87742112
23 37 366 -4672.13669133
25 37 366 -2611.77182084
28 37 366 -1088.82621094
30 37 366 -4658.84598135
31 37 366 -2483.68474058
32 37 368 -2785.95181502
35 37 368 -2379.23862569
3 37 368 -2132.2760933
4 37 368 -2601.1974749
37 37 368 -408.930181315
38 37 368 -3870.80885233
7 37 368 -3312.22716251
8 37 368 -3846.94587941
9 37 368 -3488.07641421
13 37 368 -2860.85052946
15 37 368 -2553.48128534
40 37 368 -3417.64973951
18 37 368 -3524.52395447
19 37 368 -2306.93007994
22 37 368 -2296.77179375
23 37 368 -4302.89968533
25 37 368 -2531.94398352
28 37 368 -870.369647035
30 37 368 -4224.25007848
31 37 368 -2577.05097244
32 37 370 -2692.35442192
35 37 370 -2028.44303213
3 37 370 -1809.08369859
4 37 370 -2605.74774298
37 37 370 -209.369331357
38 37 370 -3770.6032312
7 37 370 -3550.12040065
8 37 370 -4256.29528889
9 37 370 -3287.94743759
13 37 370 -1860.03093231
15 37 370 -2791.147471
40 37 370 -2549.16093549
18 37 370 -2178.46425348
19 37 370 -2802.74734385
22 37 370 -4001.87181345
23 37 370 -4295.84869812
25 37 370 -2226.5808994
28 37 370 -1692.26562668
30 37 370 -4966.28523037
31 37 370 -3574.65188479
32 38 371 -3015.41774846
35 38 371 -2660.22413562
3 38 371 -2005.81396054
4 38 371 -2391.69221
37 38 371 -4557.69108036
38 38 371 -477.358148004
7 38 371 -2332.73193569
8 38 371 -2179.15263596
9 38 371 -1058.54818081
13 38 371 -4387.54188724
15 38 371 -2053.64859713
40 38 371 -2801.37304582
18 38 371 -4037.21112388
19 38 371 -3986.06249672
22 38 371 -3764.57030064
23 38 371 -692.843428168
25 38 371 -2798.01440783
28 38 371 -4124.69179154
30 38 371 -2122.6860604
31 38 371 -1968.31380689
32 38 373 -2896.45124027
35 38 373 -2252.20702394
3 38 373 -2030.47878215
4 38 373 -2245.25079635
37 38 373 -4029.82098858
38 38 373 -693.576510405
7 38 373 -2650.28568316
8 38 373 -1972.11306829
9 38 373 -1166.59322596
13 38 373 -4186.13656821
15 38 373 -1769.59563836
40 38 373 -2493.04945091
18 38 373 -4052.04945528
19 38 373 -3647.79475486
22 38 373 -3117.65139172
23 38 373 -1510.49117456
25 38 373 -2615.44436818
28 38 373 -3464.09710031
30 38 373 -2008.88831858
31 38 373 -1923.04057922
32 38 376 -3375.60614704
35 38 376 -2875.58821781
3 38 376 -2495.84292166
4 38 376 -2881.67911137
37 38 376 -4957.7093216
38 38 376 -990.937349616
7 38 376 -2694.52769284
8 38 376 -2477.65271132
9 38 376 -1402.63042729
13 38 376 -4657.06331547
15 38 376 -2216.30681565
40 38 376 -3005.31491711
18 38 376 -4239.52568732
19 38 376 -4480.22556368
22 38 376 -4090.70736802
23 38 376 -975.183243041
25 38 376 -3070.9051999
28 38 376 -4499.40806966
30 38 376 -2212.14349496
31 38 376 -2294.36305697
32 38 378 -2770.61520913
35 38 378 -2649.49245568
3 38 378 -1960.31096411
4 38 378 -2107.02643009
37 38 378 -4476.23404349
38 38 378 -712.735428245
7 38 378 -1677.91164003
8 38 378 -2699.47055411
9 38 378 -846.005538431
13 38 378 -4208.87753326
15 38 378 -2018.86405707
40 38 378 -2723.80195036
18 38 378 -3830.58127774
19 38 378 -3851.1371141
22 38 378 -3760.43955831
23 38 378 -604.090635896
25 38 378 -2736.57908687
28 38 378 -4149.50426826
30 38 378 -1580.69539903
31 38 378 -1629.12350862
32 38 380 -2881.85293629
35 38 380 -2412.12226973
3 38 380 -2030.46756712
4 38 380 -2127.8468971
37 38 380 -4247.5850133
38 38 380 -274.216300881
7 38 380 -2201.30685868
8 38 380 -2600.34017154
9 38 380 -986.638972752
13 38 380 -4260.49027702
15 38 380 -1751.00872976
40 38 380 -2796.3392544
18 38 380 -3965.66013662
19 38 380 -3885.67529057
22 38 380 -3268.65025746
23 38 380 -902.416344355
25 38 380 -2665.4580682
28 38 380 -3869.76999311
30 38 380 -1701.16956569
31 38 380 -1318.32312606
32 40 391 -2388.48873401
35 40 391 -1301.38815212
3 40 391 -1344.04592851
4 40 391 -2111.73745742
37 40 391 -2048.36815519
38 40 391 -2749.72134319
7 40 391 -2388.15021243
8 40 391 -3876.72437144
9 40 391 -2053.23010966
13 40 391 -1853.93297743
15 40 391 -1797.09397932
40 40 391 -1098.87898037
18 40 391 -1639.5549701
19 40 391 -3698.28946011
22 40 391 -4239.74687979
23 40 391 -2708.30088635
25 40 391 -1409.19356235
28 40 391 -2763.21365574
30 40 391 -3640.64364512
31 40 391 -2768.51062007
32 40 393 -2737.3271867
35 40 393 -1847.69339004
3 40 393 -1806.15057729
4 40 393 -1874.11204223
37 40 393 -2762.40479708
38 40 393 -3063.11810071
7 40 393 -1748.85029661
8 40 393 -4315.30367892
9 40 393 -2060.2906188
13 40 393 -2115.72835624
15 40 393 -2733.73663472
40 40 393 -533.529861781
18 40 393 -1614.09273003
19 40 393 -3994.6716612
22 40 393 -5067.03150533
23 40 393 -2462.60340261
25 40 393 -2325.82131851
28 40 393 -3206.12935783
30 40 393 -3853.63478977
31 40 393 -3267.23329733
32 40 396 -2441.07759792
35 40 396 -1169.82092861
3 40 396 -1746.86068669
4 40 396 -2252.5945059
37 40 396 -2611.58035918
38 40 396 -2355.31904179
7 40 396 -3020.80864053
8 40 396 -3096.70912317
9 40 396 -1677.81407337
13 40 396 -2124.39428883
15 40 396 -1638.95816446
40 40 396 -775.636424602
18 40 396 -1767.06199617
19 40 396 -3702.75851633
22 40 396 -4378.38896321
23 40 396 -2307.7461593
25 40 396 -1197.62099613
28 40 396 -3047.20233756
30 40 396 -3728.31823779
31 40 396 -2944.90758497
32 40 398 -2344.94640259
35 40 398 -1193.9011736
3 40 398 -1502.19717952
4 40 398 -2065.91425443
37 40 398 -2081.14849171
38 40 398 -2653.11724331
7 40 398 -2691.43022991
8 40 398 -3469.71060614
9 40 398 -1965.41338026
13 40 398 -1844.60883456
15 40 398 -1769.692008
40 40 398 -994.229827194
18 40 398 -1600.5564525
19 40 398 -3581.12163578
22 40 398 -4276.54101676
23 40 398 -2586.48784173
25 40 398 -1210.24991779
28 40 398 -2797.12720382
30 40 398 -3738.07206885
31 40 398 -2851.57286597
32 40 400 -2910.34999608
35 40 400 -1509.02138648
3 40 400 -1817.57683963
4 40 400 -2914.44013983
37 40 400 -3187.02665123
38 40 400 -2506.99215914
7 40 400 -3713.93970508
8 40 400 -3030.05435989
9 40 400 -1928.94611883
13 40 400 -2411.47171236
15 40 400 -1659.20901218
40 40 400 -510.472086775
18 40 400 -2536.61820609
19 40 400 -3713.32468388
22 40 400 -4303.65143244
23 40 400 -2439.58012403
25 40 400 -1475.80054765
28 40 400 -3171.32304805
30 40 400 -3755.19909406
31 40 400 -3307.81295843
