3.256164952920496958e-02
3.309122005249227200e-02
3.362940252637643124e-02
3.417633697381528002e-02
3.473216569357476941e-02
3.529703329718977822e-02
3.587108674652505352e-02
3.645447539194466430e-02
3.704735101110064738e-02
3.764986784835071959e-02
3.826218265481442365e-02
3.888445472907943457e-02
3.951684595856726906e-02
4.015952086156977796e-02
4.081264662996716974e-02
4.147639317263786957e-02
4.215093315957264136e-02
4.283644206670318699e-02
4.353309822145744884e-02
4.424108284905334254e-02
4.496058011954191802e-02
4.569177719561356293e-02
4.643486428117823278e-02
4.719003467073300956e-02
4.795748479952953447e-02
4.873741429455338142e-02
4.953002602633005402e-02
5.033552616156956178e-02
5.115412421666368226e-02
5.198603311205001604e-02
5.283146922745534518e-02
5.369065245803467112e-02
5.456380627141840106e-02
5.545115776568341343e-02
5.635293772826293485e-02
5.726938069580898155e-02
5.820072501502474710e-02
5.914721290448123753e-02
6.010909051743393294e-02
6.108660800565689220e-02
6.208001958430827555e-02
6.308958359784676284e-02
6.411556258701361921e-02
6.515822335689835931e-02
6.621783704610592625e-02
6.729467919704146261e-02
6.838902982733278957e-02
6.950117350240739289e-02
7.063139940924269278e-02
7.178000143130962296e-02
7.294727822472607537e-02
7.413353329564292826e-02
7.533907507888006061e-02
7.656421701783323874e-02
7.780927764567230343e-02
7.907458066785193196e-02
8.036045504595394628e-02
8.166723508288559197e-02
8.299526050945300881e-02
8.434487657233315228e-02
8.571643412346714730e-02
8.711028971089497530e-02
8.852680567105891685e-02
8.996635022259581727e-02
9.142929756164316912e-02
9.291602795868465769e-02
9.442692785695613877e-02
9.596238997244149749e-02
9.752281339548068972e-02
9.910860369401669479e-02
1.007201730185087740e-01
1.023579402085354750e-01
1.040223309011184399e-01
1.057137776407914148e-01
1.074327199914439090e-01
1.091796046499680373e-01
1.109548855617344953e-01
1.127590240379316988e-01
1.145924888747936188e-01
1.164557564747480817e-01
1.183493109695173129e-01
1.202736443451984938e-01
1.222292565693594846e-01
1.242166557201803828e-01
1.262363581176721150e-01
1.282888884570086430e-01
1.303747799440010957e-01
1.324945744327538921e-01
1.346488225655329829e-01
1.368380839148838624e-01
1.390629271280332813e-01
1.413239300736138793e-01
1.436216799907435449e-01
1.459567736405030791e-01
1.483298174598451091e-01
1.507414277179756623e-01
1.531922306752472041e-01
1.556828627446003033e-01
1.582139706555989456e-01
1.607862116210967141e-01
1.634002535065764983e-01
1.660567750022082512e-01
1.687564657976624860e-01
1.715000267597291683e-01
1.742881701127824701e-01
1.771216196221368500e-01
1.800011107803425325e-01
1.829273909964611866e-01
1.859012197883757045e-01
1.889233689781769643e-01
1.919946228906772301e-01
1.951157785551019819e-01
1.982876459100036681e-01
2.015110480114563896e-01
2.047868212445764224e-01
2.081158155384242314e-01
2.114988945843408741e-01
2.149369360577687293e-01
2.184308318436175567e-01
2.219814882652268728e-01
2.255898263169809070e-01
2.292567819006384455e-01
2.329833060654253607e-01
2.367703652519605462e-01
2.406189415400671050e-01
2.445300329005312412e-01
2.485046534508738025e-01
2.525438337151890145e-01
2.566486208881235687e-01
2.608200791030531596e-01
2.650592897045243035e-01
2.693673515250304962e-01
2.737453811661810232e-01
2.781945132843425816e-01
2.827159008808132756e-01
2.873107155966046489e-01
2.919801480119018078e-01
2.967254079502695263e-01
3.015477247876855449e-01
3.064483477664702860e-01
3.114285463141874821e-01
3.164896103675996497e-01
3.216328507017425231e-01
3.268595992642133741e-01
3.321712095147411614e-01
3.375690567701244982e-01
3.430545385546213133e-01
3.486290749558658142e-01
3.542941089864084514e-01
3.600511069509563233e-01
3.659015588194028945e-01
3.718469786057412851e-01
3.778889047529367384e-01
3.840289005238666231e-01
3.902685543984050764e-01
3.966094804767555382e-01
4.030533188891226026e-01
4.096017362118115623e-01
4.162564258898697189e-01
4.230191086663520617e-01
4.298915330183180616e-01
4.368754755996661077e-01
4.439727416908923474e-01
4.511851656558984458e-01
4.585146114059388545e-01
4.659629728708197249e-01
4.735321744774622643e-01
4.812241716359277333e-01
4.890409512330317621e-01
4.969845321336488486e-01
5.050569656898256099e-01
5.132603362578244122e-01
5.215967617231958009e-01
5.300683940340267242e-01
5.386774197424618604e-01
5.474260605546290570e-01
5.563165738890992751e-01
5.653512534439864012e-01
5.745324297728395813e-01
5.838624708694372112e-01
5.933437827616183657e-01
6.029788101142934398e-01
6.127700368417443588e-01
6.227199867293764513e-01
6.328312240650402209e-01
6.431063542800685706e-01
6.535480246001738047e-01
6.641589247063297563e-01
6.749417874058071254e-01
6.858993893134898157e-01
6.970345515436215944e-01
7.083501404121461675e-01
7.198490681497641264e-01
7.315342936258892870e-01
7.434088230836423117e-01
7.554757108860358228e-01
7.677380602735242032e-01
7.801990241330535314e-01
7.928618057788013873e-01
8.057296597447470843e-01
8.188058925892496287e-01
8.320938637118057146e-01
8.455969861821278633e-01
8.593187275817569803e-01
8.732626108583469993e-01
8.874322151928093483e-01
9.018311768795022054e-01
9.164631902196158642e-01
9.313320084279673727e-01
9.464414445533676501e-01
9.617953724127390469e-01
9.773977275391980690e-01
9.932525081442356019e-01
1.009363776094268195e+00
1.025735657901652997e+00
1.042372345730440797e+00
1.059278098417027136e+00
1.076457242505872047e+00
1.093914173300565951e+00
1.111653355930342091e+00
1.129679326432314390e+00
1.147996692849621692e+00
1.166610136345642035e+00
1.185524412334580280e+00
1.204744351628520782e+00
1.224274861601247544e+00
1.244120927369012808e+00
1.264287612988426401e+00
1.284780062671783130e+00
1.305603502019919926e+00
1.326763239272924277e+00
1.348264666578857573e+00
1.370113261280731187e+00
1.392314587221971101e+00
1.414874296070557147e+00
1.437798128662111763e+00
1.461091916362130316e+00
1.484761582447591932e+00
1.508813143508196619e+00
1.533252710867412105e+00
1.558086492023626368e+00
1.583320792111594155e+00
1.608962015384413968e+00
1.635016666716312628e+00
1.661491353126395953e+00
1.688392785323686640e+00
1.715727779273628739e+00
1.743503257786322980e+00
1.771726252126731627e+00
1.800403903647062487e+00
1.829543465441620498e+00
1.859152304024330515e+00
1.889237901029183098e+00
1.919807854933855085e+00
1.950869882806708810e+00
1.982431822077462602e+00
2.014501632331736403e+00
2.047087397129719211e+00
2.080197325849225010e+00
2.113839755553312383e+00
2.148023152882789777e+00
2.182756115973786493e+00
2.218047376400640758e+00
2.253905801144366894e+00
2.290340394586876105e+00
2.327360300531261750e+00
2.364974804248326734e+00
2.403193334549603488e+00
2.442025465887108115e+00
2.481480920480008567e+00
2.521569570468505717e+00
2.562301440095093863e+00
2.603686707913429377e+00
2.645735709025072158e+00
2.688458937344224253e+00
2.731867047890785383e+00
2.775970859111853262e+00
2.820781355231913423e+00
2.866309688631928587e+00
2.912567182257468801e+00
2.959565332056155018e+00
3.007315809444564891e+00
3.055830463804764197e+00
3.105121325010729905e+00
3.155200605984705309e+00
3.206080705283798515e+00
3.257774209716902902e+00
3.310293896992118512e+00
3.363652738394865338e+00
3.417863901496737356e+00
3.472940752895368632e+00
3.528896860985349271e+00
3.585745998760336839e+00
3.643502146646539153e+00
3.702179495367551532e+00
3.761792448840809211e+00
3.822355627105625153e+00
3.883883869282954482e+00
3.946392236566978351e+00
4.009896015248476608e+00
4.074410719770178879e+00
4.139952095814047439e+00
4.206536123420549167e+00
4.274179020139983187e+00
4.342897244215754959e+00
4.412707497799771339e+00
4.483626730199810062e+00
4.555672141158870758e+00
4.628861184166553677e+00
4.703211569802220104e+00
4.778741269110119205e+00
4.855468517006201523e+00
4.933411815716626236e+00
5.012589938247865362e+00
5.093021931888089604e+00
5.174727121740106739e+00
5.257725114285167756e+00
5.342035800977909865e+00
5.427679361872037589e+00
5.514676269276438170e+00
5.603047291441874300e+00
5.692813496277503660e+00
5.783996255097382466e+00
5.876617246396483196e+00
5.970698459655801926e+00
6.066262199176624570e+00
6.163331087943072717e+00
6.261928071513010785e+00
6.362076421936724735e+00
6.463799741702818125e+00
6.567121967711363695e+00
6.672067375273189604e+00
6.778660582135394463e+00
6.886926552532320223e+00
6.996890601261301690e+00
7.108578397783143821e+00
7.222015970346059355e+00
7.337229710133053473e+00
7.454246375431827332e+00
7.573093095826410881e+00
7.693797376410369537e+00
7.816387102020111222e+00
7.940890541488217380e+00
8.067336351915697534e+00
8.195753582962248984e+00
8.326171681154198367e+00
8.458620494208574314e+00
8.593130275372997673e+00
8.729731687780255101e+00
8.868455808816355201e+00
9.009334134501752800e+00
9.152398583883897487e+00
9.297681503440740514e+00
9.445215671493867760e+00
9.595034302629912304e+00
9.747171052129820268e+00
9.901660020403902251e+00
1.005853575743219608e+01
1.021783326720870555e+01
1.037958801218785432e+01
1.054383591773280671e+01
1.071061337656321655e+01
1.087995725320192442e+01
1.105190488841892993e+01
1.122649410367093559e+01
1.140376320553580314e+01
1.158375099013949594e+01
1.176649674757480213e+01
1.195204026631005156e+01
1.214042183758589744e+01
1.233168225979955857e+01
1.252586284287372287e+01
1.272300541260944051e+01
1.292315231502105988e+01
1.312634642065108537e+01
1.333263112886429624e+01
1.354205037211819729e+01
1.375464862020902324e+01
1.397047088449118135e+01
1.418956272206797387e+01
1.441197023995287374e+01
1.463774009919820784e+01
1.486691951899048192e+01
1.509955628071016065e+01
1.533569873195357580e+01
1.557539579051630696e+01
1.581869694833468465e+01
1.606565227538472129e+01
1.631631242353616429e+01
1.657072863035937615e+01
1.682895272288426369e+01
1.709103712130800901e+01
1.735703484265081897e+01
1.762699950435741414e+01
1.790098532784195484e+01
1.817904714197576510e+01
1.846124038651445431e+01
1.874762111546381860e+01
1.903824600038236881e+01
1.933317233361804099e+01
1.963245803147881219e+01
1.993616163733355506e+01
2.024434232464312444e+01
2.055705989991909277e+01
2.087437480560823388e+01
2.119634812290239978e+01
2.152304157447055388e+01
2.185451752711261975e+01
2.219083899433351448e+01
2.253206963883478053e+01
2.287827377492461878e+01
2.322951637084241128e+01
2.358586305099845148e+01
2.394738009812689938e+01
2.431413445535007867e+01
2.468619372815494728e+01
2.506362618627834138e+01
2.544650076550184536e+01
2.583488706935485624e+01
2.622885537072414053e+01
2.662847661337124805e+01
2.703382241335462410e+01
2.744496506035784478e+01
2.786197751892257557e+01
2.828493342958600465e+01
2.871390710992291417e+01
2.914897355549129543e+01
2.959020844068253098e+01
3.003768811947546524e+01
3.049148962609464775e+01
3.095169067557327480e+01
3.141836966422069111e+01
3.189160566999536073e+01
3.237147845278374092e+01
3.285806845458588299e+01
3.335145679960809417e+01
3.385172529426460386e+01
3.435895642708806719e+01
3.487323336855114064e+01
3.539463997080002855e+01
3.592326076730115147e+01
3.645918097240333111e+01
3.700248648081612401e+01
3.755326386700718189e+01
3.811160038451996712e+01
3.867758396521380604e+01
3.925130321842937065e+01
3.983284743008062634e+01
4.042230656167692615e+01
4.101977124927735474e+01
4.162533280237957456e+01
4.223908320274725980e+01
4.286111510317763873e+01
4.349152182621340046e+01
4.413039736280184400e+01
4.477783637090392688e+01
4.543393417405820855e+01
4.609878675990131569e+01
4.677249077865048577e+01
4.745514354155073278e+01
4.814684301929086985e+01
4.884768784039268752e+01
4.955777728957719575e+01
5.027721130611171674e+01
5.100609048214311514e+01
5.174451606102027057e+01
5.249258993561139164e+01
5.325041464662022150e+01
5.401809338090532009e+01
5.479572996980808597e+01
5.558342888749336907e+01
5.638129524930791803e+01
5.718943481016152930e+01
5.800795396293553807e+01
5.883695973692395143e+01
5.967655979631175001e+01
6.052686243869589333e+01
6.138797659365382486e+01
6.226001182136415935e+01
6.314307831128557069e+01
6.403728688089778132e+01
6.494274897451076356e+01
6.585957666214667938e+01
6.678788263849942552e+01
6.772778022197788061e+01
6.867938335383608717e+01
6.964280659739731050e+01
7.061816513737581147e+01
7.160557477930085213e+01
7.260515194904947123e+01
7.361701369249058757e+01
7.464127767524735191e+01
7.567806218258121476e+01
7.672748611940181718e+01
7.778966901040931248e+01
7.886473100037089523e+01
7.995279285453827356e+01
8.105397595920902631e+01
8.216840232243600894e+01
8.329619457488969658e+01
8.443747597087704548e+01
8.559237038951995657e+01
8.676100233609888335e+01
8.794349694356296254e+01
8.913997997421225250e+01
9.035057782155435291e+01
9.157541751233843286e+01
9.281462670877088783e+01
9.406833371091447304e+01
9.533666745927438058e+01
9.661975753757424457e+01
9.791773417572341032e+01
9.923072825298001476e+01
1.005588713013093809e+02
1.019022955089427001e+02
1.032611337241363714e+02
1.046355194591335618e+02
1.060255868943313970e+02
1.074314708826532581e+02
1.088533069541292804e+02
1.102912313206858386e+02
1.117453808811439444e+02
1.132158932264301257e+02
1.147029066449975687e+02
1.162065601284606799e+02
1.177269933774427813e+02
1.192643468076363575e+02
1.208187615560782007e+02
1.223903794876374462e+02
1.239793432017182084e+02
1.255857960391759605e+02
1.272098820894471061e+02
1.288517461978919698e+02
1.305115339733512485e+02
1.321893917959131102e+02
1.338854668248933137e+02
1.355999070070249672e+02
1.373328610848582514e+02
1.390844786053694122e+02
1.408549099287761805e+02
1.426443062375608122e+02
1.444528195456972242e+02
1.462806027080820002e+02
1.481278094301684973e+02
1.499945942777998482e+02
1.518811126872429895e+02
1.537875209754180332e+02
1.557139763503247138e+02
1.576606369216622738e+02
1.596276617116400871e+02
1.616152106659803280e+02
1.636234446651063195e+02
1.656525255355184925e+02
1.677026160613538366e+02
1.697738799961264817e+02
1.718664820746492410e+02
1.739805880251312828e+02
1.761163645814521885e+02
1.782739794956094102e+02
1.804536015503353212e+02
1.826554005718850249e+02
1.848795474429889794e+02
1.871262141159707255e+02
1.893955736260278684e+02
1.916878001046705151e+02
1.940030687933202103e+02
1.963415560570621210e+02
1.987034393985520637e+02
2.010888974720746774e+02
2.034981100977497590e+02
2.059312582758864210e+02
2.083885242014822552e+02
2.108700912788650328e+02
2.133761441364744087e+02
2.159068686417845129e+02
2.184624519163616299e+02
2.210430823510574783e+02
2.236489496213368113e+02
2.262802447027335973e+02
2.289371598864392752e+02
2.316198887950179710e+02
2.343286263982471667e+02
2.370635690290851301e+02
2.398249143997571480e+02
2.426128616179677806e+02
2.454276112032295032e+02
2.482693651033119977e+02
2.511383267108086272e+02
2.540347008798160005e+02
2.569586939427317702e+02
2.599105137271635613e+02
2.628903695729508740e+02
2.658984723492995386e+02
2.689350344720230055e+02
2.720002699208964714e+02
2.750943942571175285e+02
2.782176246408746465e+02
2.813701798490245096e+02
2.845522802928711030e+02
2.877641480360545074e+02
2.910060068125428074e+02
2.942780820447286487e+02
2.975806008616306713e+02
3.009137921171913490e+02
3.042778864087034094e+02
3.076731160952949153e+02
3.110997153165577629e+02
3.145579200112618992e+02
3.180479679361709486e+02
3.215700986849648189e+02
3.251245537072629759e+02
3.287115763277501514e+02
3.323314117654067559e+02
3.359843071528383689e+02
3.396705115557124941e+02
3.433902759922962105e+02
3.471438534530990410e+02
3.509314989206204700e+02
3.547534693891992674e+02
3.586100238849717243e+02
3.625014234859334010e+02
3.664279313421079678e+02
3.703898126958242756e+02
3.743873349020976775e+02
3.784207674491239004e+02
3.824903819788797250e+02
3.865964523078347383e+02
3.907392544477734759e+02
3.949190666267318193e+02
3.991361693100411117e+02
4.033908452214920999e+02
4.076833793646098911e+02
4.120140590440463484e+02
4.163831738870918571e+02
4.207910158652986183e+02
4.252378793162321813e+02
4.297240609653369461e+02
4.342498599479268933e+02
4.388155778313014252e+02
4.434215186369787034e+02
4.480679888630636469e+02
4.527552975067378043e+02
4.574837560868795663e+02
4.622536786668170521e+02
4.670653818772072441e+02
4.719191849390537072e+02
4.768154096868570377e+02
4.817543805919008832e+02
4.867364247856727388e+02
4.917618720834519195e+02
4.968310550079788754e+02
5.019443088133287461e+02
5.071019715088980320e+02
5.123043838835468478e+02
5.175518895298835105e+02
5.228448348687047655e+02
5.281835691735848286e+02
5.335684445956171658e+02
5.389998161883158900e+02
5.444780419326668834e+02
5.500034827623443334e+02
5.555765025890859761e+02
5.611974683282295473e+02
5.668667499244182864e+02
5.725847203774660557e+02
5.783517557683971972e+02
5.841682352856545322e+02
5.900345412514787995e+02
5.959510591484669249e+02
6.019181776462990001e+02
6.079362886286515959e+02
6.140057872202869476e+02
6.201270718143258591e+02
6.263005440997093274e+02
6.325266090888371764e+02
6.388056751454057576e+02
6.451381540124313005e+02
6.515244608404667588e+02
6.579650142160177211e+02
6.644602361901473841e+02
6.710105523072904816e+02
6.776163916342625271e+02
6.842781867894750576e+02
6.909963739723599474e+02
6.977713929929940377e+02
7.046036873019423865e+02
7.114937040203099059e+02
7.184418939700085502e+02
7.254487117042453974e+02
7.325146155382211646e+02
7.396400675800605313e+02
7.468255337619596048e+02
7.540714838715625774e+02
7.613783915835691687e+02
7.687467344915500007e+02
7.761769941400723383e+02
7.836696560569273515e+02
7.912252097857196986e+02
7.988441489186361650e+02
8.065269711294746457e+02
8.142741782069056171e+02
8.220862760879936104e+02
8.299637748919590194e+02
8.379071889541960445e+02
8.459170368605472277e+02
8.539938414818245747e+02
8.621381300086006831e+02
8.703504339862548704e+02
8.786312893502831685e+02
8.869812364618805987e+02
8.954008201437799244e+02
9.038905897163717782e+02
9.124510990340938861e+02
9.210829065220947314e+02
9.297865752131802992e+02
9.385626727850308271e+02
9.474117715977115495e+02
9.563344487314612934e+02
9.653312860247702929e+02
9.744028701127526801e+02
9.835497924657986459e+02
9.927726494285348053e+02
1.002072042259074124e+03
1.011448577168563816e+03
1.020902865361044178e+03
1.030435523073595959e+03
1.040047171616806736e+03
1.049738437415539693e+03
1.059509952050015954e+03
1.069362352297208645e+03
1.079296280172549814e+03
1.089312382971956140e+03
1.099411313314177733e+03
1.109593729183462301e+03
1.119860293972552427e+03
1.130211676525993198e+03
1.140648551183785685e+03
1.151171597825358276e+03
1.161781501913873399e+03
1.172478954540852783e+03
1.183264652471226327e+03
1.194139298188538078e+03
1.205103599940671529e+03
1.216158271785826173e+03
1.227304033638860119e+03
1.238541611317966272e+03
1.249871736591705030e+03
1.261295147226380550e+03
1.272812587033760792e+03
1.284424805919162281e+03
1.296132559929865238e+03
1.307936611303898644e+03
1.319837728519171151e+03
1.331836686342955090e+03
1.343934265881733154e+03
1.356131254631387719e+03
1.368428446527757615e+03
1.380826641997547540e+03
1.393326648009589690e+03
1.405929278126473491e+03
1.418635352556513226e+03
1.431445698206089219e+03
1.444361148732335778e+03
1.457382544596180651e+03
1.470510733115751918e+03
1.483746568520114806e+03
1.497090912003379344e+03
1.510544631779144993e+03
1.524108603135296107e+03
1.537783708489146193e+03
1.551570837442907759e+03
1.565470886839518244e+03
1.579484760818789482e+03
1.593613370873893018e+03
1.607857635908167140e+03
1.622218482292255885e+03
1.636696843921544314e+03
1.651293662273925520e+03
1.666009886467860724e+03
1.680846473320734503e+03
1.695804387407513104e+03
1.710884601119663103e+03
1.726088094724360190e+03
1.741415856423956484e+03
1.756868882415661346e+03
1.772448176951634650e+03
1.788154752398987739e+03
1.803989629300310753e+03
1.819953836434251571e+03
1.836048410876311891e+03
1.852274398059822715e+03
1.868632851837056251e+03
1.885124834540490610e+03
1.901751417044188884e+03
1.918513678825262332e+03
1.935412708025427037e+03
1.952449601512582831e+03
1.969625464942436565e+03
1.986941412820115147e+03
2.004398568561739012e+03
2.021998064555946712e+03
2.039741042225297178e+03
2.057628652087563751e+03
2.075662053816840398e+03
2.093842416304446488e+03
2.112170917719578938e+03
2.130648745569653784e+03
2.149277096760312361e+03
2.168057177655026408e+03
2.186990204134245687e+03
2.206077401654049481e+03
2.225320005304199640e+03
2.244719259865582444e+03
2.264276419866929245e+03
2.283992749640758120e+03
2.303869523378469239e+03
2.323908025184476173e+03
2.344109549129322659e+03
2.364475399301682046e+03
2.385006889859116654e+03
2.405705345077534730e+03
2.426572099399180843e+03
2.447608497479095149e+03
2.468815894229879632e+03
2.490195654864651715e+03
2.511749154938057927e+03
2.533477780385160713e+03
2.555382927558081519e+03
2.577466003260222351e+03
2.599728424777866167e+03
2.622171619908953744e+03
2.644797026989125698e+03
2.667606094914039204e+03
2.690600283158791171e+03
2.713781061793421031e+03
2.737149911494580010e+03
2.760708323552999900e+03
2.784457799876547597e+03
2.808399852988528437e+03
2.832536006020930017e+03
2.856867792702304541e+03
2.881396757339893156e+03
2.906124454795680776e+03
2.931052450455938924e+03
2.956182320193889609e+03
2.981515650325007300e+03
3.007054037554560182e+03
3.032799088916825440e+03
3.058752421705539746e+03
3.084915663394994226e+03
3.111290451551218666e+03
3.137878433732652411e+03
3.164681267379626206e+03
3.191700619692036980e+03
3.218938167494457502e+03
3.246395597087932856e+03
3.274074604087701573e+03
3.301976893245930114e+03
3.330104178258669890e+03
3.358458181556020008e+03
3.387040634074550326e+03
3.415853275010957987e+03
3.444897851555797388e+03
3.474176118606216733e+03
3.503689838456413781e+03
3.533440780464557974e+03
3.563430720694842876e+03
3.593661441533183279e+03
3.624134731275153172e+03
3.654852383684505185e+03
3.685816197520657624e+03
3.717027976033403320e+03
3.748489526422966719e+03
3.780202659263551141e+03
3.812169187888278429e+03
3.844390927733354147e+03
3.876869695639745714e+03
3.909607309108709160e+03
3.942605585510420497e+03
3.975866341241905502e+03
4.009391390832017350e+03
4.043182545990613107e+03
4.077241614598884553e+03
4.111570399637855189e+03
4.146170698051728323e+03
4.181044299542735644e+03
4.216192985293989295e+03
4.251618526616589406e+03
4.287322683517239966e+03
4.323307203182333978e+03
4.359573818374361508e+03
4.396124245736378725e+03
4.432960183999972287e+03
4.470083312092199776e+03
4.507495287136620391e+03
4.545197742343485515e+03
4.583192284783996001e+03
4.621480493043274691e+03
4.660063914746713635e+03
4.698944063954067133e+03
4.738122418415585344e+03
4.777600416684379525e+03
4.817379455078999854e+03
4.857460884490245007e+03
4.897846007026020743e+03
4.938536072488028367e+03
4.979532274674091241e+03
5.020835747499776517e+03
5.062447560933150271e+03
5.104368716736407805e+03
5.146600144008287316e+03
5.189142694521317935e+03
5.231997137848028615e+03
5.275164156270657259e+03
5.318644339469000442e+03
5.362438178981553392e+03
5.406546062435434578e+03
5.450968267541190471e+03
5.495704955848996178e+03
5.540756166263765408e+03
5.586121808317034265e+03
5.631801655195506100e+03
5.677795336524459344e+03
5.724102330909606280e+03
5.770721958238273146e+03
5.817653371744455399e+03
5.864895549843205117e+03
5.912447287741686523e+03
5.960307188835950910e+03
6.008473655904904263e+03
6.056944882114824395e+03
6.105718841850449280e+03
6.154793281391224809e+03
6.204165709453957788e+03
6.253833387626345939e+03
6.303793320718699761e+03
6.354042247064650837e+03
6.404576628805089058e+03
6.455392642192978201e+03
6.506486167960685634e+03
6.557852781794947077e+03
6.609487744968665538e+03
6.661385995182500665e+03
6.713542137673062825e+03
6.765950436648482537e+03
6.818604807115603762e+03
6.871498807166764891e+03
6.924625630797393569e+03
6.977978101328561024e+03
7.031548665511464606e+03
7.085329388392909095e+03
7.139311949022525368e+03
7.193487637083696427e+03
7.247847350530355470e+03
7.302381594311708795e+03
7.357080480265554797e+03
7.411933728258838528e+03
7.466930668651025371e+03
7.522060246151541833e+03
7.577311025137670185e+03
7.632671196492497984e+03
7.688128586015367546e+03
7.743670664448464777e+03
7.799284559153388727e+03
7.854957067460876715e+03
7.910674671704558023e+03
7.966423555938381469e+03
8.022189624319637005e+03
8.077958521131668931e+03
8.133715652399397186e+03
8.189446209039181667e+03
8.245135191468099947e+03
8.300767435582823964e+03
8.356327640003170018e+03
8.411800394461386531e+03
8.467170209204425191e+03
8.522421545264174711e+03
8.577538845439252327e+03
8.632506565822184712e+03
8.687309207697882812e+03
8.741931349632803176e+03
8.796357679569970060e+03
8.850573026742902584e+03
8.904562393221160164e+03
8.958310984902496784e+03
9.011804241770625595e+03
9.065027867244019944e+03
9.117967856449280589e+03
9.170610523262843344e+03
9.222942525976572142e+03
9.274950891455990131e+03
9.326623037674551597e+03
9.377946794522878918e+03
9.428910422808199655e+03
9.479502631376106365e+03
9.529712592303880228e+03
9.579529954131598060e+03
9.628944853114184298e+03
9.677947922493849546e+03
9.726530299807982374e+03
