3.071369208627661467e+08
2.973851387991752625e+08
2.879429951568939090e+08
2.788006580862182379e+08
2.699486079284709692e+08
2.613776273029420376e+08
2.530787915085889399e+08
2.450434592305216789e+08
2.372632635415867567e+08
2.297301031896754801e+08
2.224361341616988480e+08
2.153737615154242814e+08
2.085356314706832469e+08
2.019146237517087162e+08
1.955038441726244688e+08
1.892966174583781958e+08
1.832864802936242819e+08
1.774671745923327506e+08
1.718326409811088443e+08
1.663770124894359708e+08
1.610946084402805567e+08
1.559799285346831977e+08
1.510276471241876483e+08
1.462326076651375592e+08
1.415898173490653932e+08
1.370944419035899043e+08
1.327418005583953559e+08
1.285273611710612923e+08
1.244467355076624304e+08
1.204956746732224077e+08
1.166700646872707009e+08
1.129659221998848021e+08
1.093793903437646180e+08
1.059067347180167884e+08
1.025443394994649142e+08
9.928870367744228244e+07
9.613643740813831985e+07
9.308425848470796645e+07
9.012898891946677864e+07
8.726755163461044431e+07
8.449696725801834464e+07
8.181435102079702914e+07
7.921690975333844125e+07
7.670193897676305473e+07
7.426682008671745658e+07
7.190901762659847736e+07
6.962607664735811949e+07
6.741562015114481747e+07
6.527534661611718684e+07
6.320302759985136986e+07
6.119650541885094345e+07
5.925369090173672140e+07
5.737256121378159523e+07
5.555115775052282214e+07
5.378758409825938195e+07
5.208000405930873007e+07
5.042663973996999860e+07
4.882576969919874519e+07
4.727572715606766939e+07
4.577489825414652377e+07
4.432172038099234551e+07
4.291468054100320488e+07
4.155231377993689477e+07
4.023320165945732594e+07
3.895597078011872619e+07
3.771929135124890506e+07
3.652187580624498427e+07
3.536247746183605492e+07
3.423988921991946548e+07
3.315294231061764807e+07
3.210050507524630800e+07
3.108148178792844713e+07
3.009481151462451741e+07
2.913946700839259848e+07
2.821445363972742483e+07
2.731880836086403579e+07
2.645159870296899974e+07
2.561192180517288297e+07
2.479890347443447635e+07
2.401169727525728196e+07
2.324948364830970019e+07
2.251146905703286454e+07
2.179688516134524345e+07
2.110498801758515462e+07
2.043505730385758728e+07
1.978639556997817010e+07
1.915832751123458892e+07
1.855019926520741358e+07
1.796137773091948777e+07
1.739124990960425884e+07
1.683922226640680805e+07
1.630472011235243268e+07
1.578718700594036281e+07
1.528608417373789474e+07
1.480088994937282428e+07
1.433109923033950292e+07
1.387622295205267146e+07
1.343578757860223204e+07
1.300933460967746377e+07
1.259642010314822011e+07
1.219661421280553564e+07
1.180950074078008346e+07
1.143467670417322218e+07
1.107175191544824466e+07
1.072034857614570297e+07
1.038010088349946588e+07
1.005065464954364486e+07
9.731666932314429432e+06
9.422805678761903197e+06
9.123749379000669345e+06
8.834186731539011002e+06
8.553816319137813523e+06
8.282346294962275773e+06
8.019494078698815778e+06
7.764986062321361154e+06
7.518557325200357474e+06
7.279951358257750049e+06
7.048919796881120652e+06
6.825222162318261340e+06
6.608625611283347942e+06
6.398904693513830192e+06
6.195841117025418207e+06
5.999223520821168087e+06
5.808847254817408510e+06
5.624514166757769883e+06
5.446032395893272944e+06
5.273216173213542439e+06
5.105885628021434881e+06
4.943866600649257191e+06
4.786990461121829227e+06
4.635093933577522635e+06
4.488018926264283247e+06
4.345612366933941841e+06
4.207726043463005684e+06
4.074216449534259737e+06
3.944944635218378622e+06
3.819776062299903948e+06
3.698580464197146241e+06
3.581231710329850204e+06
3.467607674793608952e+06
3.357590109204223379e+06
3.251064519579489250e+06
3.147920047130464111e+06
3.048049352837765124e+06
2.951348505692939740e+06
2.857716874488445930e+06
2.767057023043531459e+06
2.679274608757047448e+06
2.594278284381363541e+06
2.511979602915257681e+06
2.432292925516691525e+06
2.355135332339521497e+06
2.280426536201477051e+06
2.208088798993271776e+06
2.138046850741988514e+06
2.070227811244388577e+06
2.004561114188506035e+06
1.940978433684648713e+06
1.879413613129119622e+06
1.819802596326730680e+06
1.762083360800326103e+06
1.706195853217850206e+06
1.652081926869822899e+06
1.599685281131970929e+06
1.548951402850095183e+06
1.499827509586093482e+06
1.452262494666019920e+06
1.406206873973044334e+06
1.361612734429790871e+06
1.318433684116503689e+06
1.276624803973062197e+06
1.236142601034535328e+06
1.196944963151653763e+06
1.158991115148947574e+06
1.122241576374979224e+06
1.086658119600441074e+06
1.052203731221294263e+06
1.018842572725585895e+06
9.865399433837175602e+05
9.552622441233990248e+05
9.249769425516332267e+05
8.956525390873036813e+05
8.672585341691507492e+05
8.397653965049143881e+05
8.131445323286463972e+05
7.873682556341525633e+05
7.624097593535612104e+05
7.382430874510518042e+05
7.148431079026232474e+05
6.921854865338155068e+05
6.702466616881247610e+05
6.490038196997226914e+05
6.284348711449853145e+05
6.085184278480415232e+05
5.892337806164453505e+05
5.705608776837731712e+05
5.524803038366887486e+05
5.349732602047737455e+05
5.180215446920390241e+05
5.016075330297721084e+05
4.857141604309805552e+05
4.703249038273219485e+05
4.554237646700518671e+05
4.409952522770435899e+05
4.270243677085691597e+05
4.134965881550422637e+05
4.003978518204602879e+05
3.877145432858277345e+05
3.754334793372917920e+05
3.635418952442544396e+05
3.520274314731702907e+05
3.408781208231816418e+05
3.300823759702337557e+05
3.196289774066382088e+05
3.095070617635992821e+05
2.997061105044892756e+05
2.902159389771196293e+05
2.810266858136291848e+05
2.721288026669013198e+05
2.635130442728858325e+05
2.551704588284295169e+05
2.470923786746165133e+05
2.392704112759309355e+05
2.316964304858096875e+05
2.243625680895420664e+05
2.172612056156695471e+05
2.103849664073759923e+05
2.037267079456260253e+05
1.972795144160228665e+05
1.910366895116908418e+05
1.849917494646519772e+05
1.791384162984622817e+05
1.734706112950758834e+05
1.679824486691311467e+05
1.626682294430847396e+05
1.575224355168010516e+05
1.525397239254341403e+05
1.477149212796193897e+05
1.430430183821837127e+05
1.385191650157786789e+05
1.341386648959967424e+05
1.298969707847269601e+05
1.257896797586569301e+05
1.218125286279945576e+05
1.179613895006461244e+05
1.142322654872231215e+05
1.106212865424131160e+05
1.071247054383827926e+05
1.037388938660190324e+05
1.004603386599549849e+05
9.728563814344265847e+04
9.421149858927326568e+04
9.123473079305772262e+04
8.835224675529936212e+04
8.556105646880863060e+04
8.285826480810872454e+04
8.024106851759903657e+04
7.770675329533881450e+04
7.525269096941362659e+04
7.287633676394971553e+04
7.057522665192374552e+04
6.834697479201634997e+04
6.618927104684019287e+04
6.409987857995677041e+04
6.207663152918501874e+04
6.011743275377366808e+04
5.822025165309631120e+04
5.638312205459706456e+04
5.460414016878658003e+04
5.288146260916360188e+04
5.121330447499535512e+04
4.959793749496511737e+04
4.803368822975267540e+04
4.651893633167619555e+04
4.505211285958597728e+04
4.363169864725280786e+04
4.225622272355464520e+04
4.092426078281646187e+04
3.963443370371006313e+04
3.838540611517444631e+04
3.717588500786053919e+04
3.600461838965760398e+04
3.487039398390063434e+04
3.377203796890311787e+04
3.270841375750514271e+04
3.167842081536367914e+04
3.068099351675697835e+04
2.971510003671144295e+04
2.877974127829705685e+04
2.787394983397668329e+04
2.699678897992572456e+04
2.614735170227701019e+04
2.532475975427679077e+04
2.452816274337000505e+04
2.375673724726601358e+04
2.300968595806276790e+04
2.228623685354011832e+04
2.158564239475912473e+04
2.090717874913172636e+04
2.025014503815363059e+04
1.961386260901538844e+04
1.899767432933512828e+04
1.840094390427826875e+04
1.782305521535318621e+04
1.726341168019575343e+04
1.672143563267494392e+04
1.619656772267541237e+04
1.568826633493207009e+04
1.519600702631136119e+04
1.471928198095469997e+04
1.425759948271561188e+04
1.381048340434254897e+04
1.337747271287544027e+04
1.295812099074089929e+04
1.255199597204888414e+04
1.215867909360604972e+04
1.177776506018121108e+04
1.140886142356835262e+04
1.105158817501001795e+04
1.070557735055752528e+04
1.037047264895557055e+04
1.004592906165576460e+04
9.731612514572430882e+03
9.427199521208402075e+03
9.132376846790562922e+03
8.846841183064039797e+03
8.570298833408549399e+03
8.302465407947749554e+03
8.043065528334963346e+03
7.791832541908514941e+03
7.548508244917963566e+03
7.312842614534919448e+03
7.084593549368259119e+03
6.863526618214263181e+03
6.649414816780726142e+03
6.442038332130709932e+03
6.241184314602330232e+03
6.046646656966141563e+03
5.858225780590802970e+03
5.675728428394871116e+03
5.498967464368391120e+03
5.327761679456894854e+03
5.161935603604904827e+03
5.001319323763808825e+03
4.845748307675031356e+03
4.695063233244416551e+03
4.549109823331292318e+03
4.407738685779592743e+03
4.270805158524930448e+03
4.138169159616744764e+03
4.009695041998821580e+03
3.885251452898019124e+03
3.764711197674225332e+03
3.647951107990220862e+03
3.534851914164539266e+03
3.425298121573951448e+03
3.319177890977783136e+03
3.216382922639002118e+03
3.116808344121767732e+03
3.020352601648967720e+03
2.926917354906222045e+03
2.836407375183583554e+03
2.748730446748530994e+03
2.663797271347858896e+03
2.581521375739324867e+03
2.501819022156465053e+03
2.424609121614009837e+03
2.349813149963326850e+03
2.277355066610768972e+03
2.207161235814551674e+03
2.139160350477951852e+03
2.073283358360060447e+03
2.009463390626991213e+03
1.947635692669429091e+03
1.887737557114676747e+03
1.829708258963270055e+03
1.773488992783099320e+03
1.719022811895454424e+03
1.666254569489881305e+03
1.615130861606746066e+03
1.565599971927965953e+03
1.517611818318850965e+03
1.471117901065234264e+03
1.426071252752183909e+03
1.382426389732293046e+03
1.340139265132876972e+03
1.299167223353520285e+03
1.259468956006460985e+03
1.221004459254119638e+03
1.183734992499496684e+03
1.147623038386327835e+03
1.112632264067671258e+03
1.078727483702486325e+03
1.045874622141319605e+03
1.014040679763420258e+03
9.831936984285897552e+02
9.533027285085981930e+02
9.243377969637527940e+02
8.962698764315206290e+02
8.690708552951446109e+02
8.427135087010192365e+02
8.171714704949009729e+02
7.924192060476590314e+02
7.684319859424045944e+02
7.451858604957059242e+02
7.226576350863165317e+02
7.008248462659348661e+02
6.796657386270843517e+02
6.591592424041218692e+02
6.392849517841705165e+02
6.200231039053426230e+02
6.013545585205824864e+02
5.832607783059104349e+02
5.657238097926696128e+02
5.487262649040079623e+02
5.322513030763468578e+02
5.162826139473831972e+02
5.008044005925758597e+02
4.858013632927447816e+02
4.712586838159716649e+02
4.571620101974088470e+02
4.434974420012993050e+02
4.302515160498410296e+02
4.174111926041246647e+02
4.049638419828003748e+02
3.928972316045811795e+02
3.811995134411656636e+02
3.698592118675350093e+02
3.588652118970420020e+02
3.482067477890865348e+02
3.378733920175545791e+02
3.278550445885940690e+02
3.181419226966394262e+02
3.087245507079632603e+02
2.995937504613690407e+02
2.907406318759753390e+02
2.821565838563427064e+02
2.738332654855313990e+02
2.657625974969465688e+02
2.579367540161409806e+02
2.503481545640188983e+02
2.429894563131434779e+02
2.358535465891388014e+02
2.289335356094041742e+02
2.222227494516244519e+02
2.157147232447959198e+02
2.094031945757032815e+02
2.032820971040337668e+02
1.973455543795030280e+02
1.915878738545956708e+02
1.860035410867256189e+02
1.805872141238013739e+02
1.753337180673982232e+02
1.702380398078982466e+02
1.652953229261529771e+02
1.605008627563956622e+02
1.558501016052858006e+02
1.513386241221485875e+02
1.469621528156108070e+02
1.427165437119991793e+02
1.385977821510118702e+02
1.346019787143097517e+02
1.307253652828196948e+02
1.269642912186746884e+02
1.233152196678377521e+02
1.197747239795932614e+02
1.163394842391996775e+02
1.130062839101211978e+02
1.097720065823709348e+02
1.066336328235996120e+02
1.035882371296828808e+02
1.006329849716513536e+02
9.776512993591514089e+01
9.498201095483092615e+01
9.228104962474665740e+01
8.965974760876004268e+01
8.711568412150488427e+01
8.464651349337003694e+01
8.224996281163883793e+01
7.992382963610995716e+01
7.766597978684750103e+01
7.547434520177318973e+01
7.334692186189276697e+01
7.128176778201691377e+01
6.927700106490129883e+01
6.733079801680312926e+01
6.544139132250744240e+01
6.360706827794347618e+01
6.182616907856964872e+01
6.009708516176086590e+01
5.841825760149265534e+01
5.678817555366541825e+01
5.520537475046837272e+01
5.366843604223286235e+01
5.217598398527083958e+01
5.072668547424721908e+01
4.931924841767519752e+01
4.795242045517237273e+01
4.662498771515742391e+01
4.533577361170765130e+01
4.408363767933965249e+01
4.286747444451538769e+01
4.168621233271025517e+01
4.053881260992165636e+01
3.942426835752729630e+01
3.834160347943993230e+01
3.728987174053848008e+01
3.626815583538513010e+01
3.527556648627351876e+01
3.431124156967905492e+01
3.337434527021498099e+01
3.246406726122506825e+01
3.157962191117008999e+01
3.072024751499477091e+01
2.988520554968430787e+01
2.907377995324696585e+01
2.828527642638305650e+01
2.751902175612222123e+01
2.677436316073662681e+01
2.605066765525666383e+01
2.534732143693872430e+01
2.466372929005545700e+01
2.399931400939681581e+01
2.335351584189231389e+01
2.272579194578100470e+01
2.211561586677539992e+01
2.152247703068294626e+01
2.094588025196432923e+01
2.038534525772637451e+01
1.984040622666126552e+01
1.931061134246034072e+01
1.879552236124568765e+01
1.829471419257630771e+01
1.780777449360042652e+01
1.733430327593916687e+01
1.687391252489885218e+01
1.642622583062340524e+01
1.599087803080928794e+01
1.556751486461805811e+01
1.515579263743329896e+01
1.475537789611892059e+01
1.436594711444798911e+01
1.398718638838042239e+01
1.361879114087882670e+01
1.326046583596163586e+01
1.291192370170136172e+01
1.257288646188628967e+01
1.224308407607152738e+01
1.192225448775491969e+01
1.161014338042154037e+01
1.130650394120788071e+01
1.101109663194594823e+01
1.072368896735375365e+01
1.044405530014700645e+01
1.017197661285371524e+01
9.907240316119738210e+00
9.649640053301078879e+00
9.398975511144108452e+00
9.155052236361866491e+00
8.917681457920544119e+00
8.686679914855769624e+00
8.461869689444622367e+00
8.243078045564210754e+00
8.030137272073332610e+00
7.822884531059057345e+00
7.621161710794465804e+00
7.424815283259454723e+00
7.233696166080469503e+00
7.047659588750052606e+00
6.866564962991405174e+00
6.690275757137230883e+00
6.518659374396464479e+00
6.351587034886518879e+00
6.188933661312413292e+00
6.030577768177891151e+00
5.876401354417473577e+00
5.726289799341746090e+00
5.580131761791521150e+00
5.437819082400182857e+00
5.299246688866160682e+00
5.164312504141059357e+00
5.032917357441794692e+00
4.904964897997813544e+00
4.780361511447787315e+00
4.659016238802169418e+00
4.540840697891326272e+00
4.425749007221113196e+00
4.313657712160289925e+00
4.204485713386815426e+00
4.098154197521926889e+00
3.994586569883595839e+00
3.893708389292888761e+00
3.795447304868865057e+00
3.699732994749909576e+00
3.606497106680975229e+00
3.515673200408518273e+00
3.427196691826531971e+00
3.341004798818901556e+00
3.257036488745202796e+00
3.175232427518436928e+00
3.095534930225145587e+00
3.017887913239724273e+00
2.942236847786311671e+00
2.868528714903250343e+00
2.796711961766261467e+00
2.726736459328153561e+00
2.658553461234064663e+00
2.592115563972519077e+00
2.527376668224027068e+00
2.464291941369851635e+00
2.402817781125067054e+00
2.342911780260982901e+00
2.284532692383132169e+00
2.227640398732228633e+00
2.172195875976284718e+00
2.118161164963337395e+00
2.065499340405037909e+00
2.014174481462342126e+00
1.964151643205529929e+00
1.915396828921474226e+00
1.867876963242143029e+00
1.821559866069003331e+00
1.776414227268823254e+00
1.732409582117236502e+00
1.689516287466984457e+00
1.647705498618688091e+00
1.606949146872566514e+00
1.567219917740255486e+00
1.528491229796492101e+00
1.490737214151171885e+00
1.453932694522722890e+00
1.418053167894527844e+00
1.383074785736580381e+00
1.348974335775136257e+00
1.315729224293758381e+00
1.283317458949502665e+00
1.251717632088667376e+00
1.220908904546934570e+00
1.190870989919191825e+00
1.161584139284886685e+00
1.133029126375050044e+00
1.105187233167708394e+00
1.078040235898738874e+00
1.051570391475624033e+00
1.025760424282033734e+00
1.000593513361405229e+00
9.760532799681949090e-01
9.521237754757450045e-01
9.287894696300715847e-01
9.060352391392566540e-01
8.838463565883591944e-01
8.622084796701610099e-01
8.411076407223191387e-01
8.205302365617819227e-01
8.004630186076664433e-01
7.808930832839710012e-01
7.618078626938593612e-01
7.431951155574569867e-01
7.250429184053411857e-01
7.073396570202099554e-01
6.900740181193490974e-01
6.732349812708374737e-01
6.568118110365911422e-01
6.407940493355706035e-01
6.251715080207150832e-01
6.099342616632912328e-01
5.950726405386174145e-01
5.805772238072590685e-01
5.664388328859778499e-01
5.526485250029302687e-01
5.391975869317054970e-01
5.260775288990355847e-01
5.132800786611166899e-01
5.007971757436476823e-01
4.886209658408656176e-01
4.767437953689456775e-01
4.651582061693333991e-01
4.538569303576731606e-01
4.428328853141361154e-01
4.320791688110961482e-01
4.215890542741859148e-01
4.113559861729259581e-01
4.013735755372080938e-01
3.916355955960291735e-01
3.821359775350022803e-01
3.728688063692311427e-01
3.638283169282841567e-01
3.550088899500728479e-01
3.464050482805353104e-01
3.380114531761436725e-01
3.298229007063012141e-01
3.218343182528204394e-01
3.140407611037385194e-01
3.064374091388014087e-01
2.990195636040558491e-01
2.917826439730202281e-01
2.847221848920222231e-01
2.778338332073357897e-01
2.711133450718316573e-01
2.645565831289114489e-01
2.581595137715845256e-01
2.519182044745730265e-01
2.458288211974282989e-01
2.398876258566788600e-01
2.340909738650916727e-01
2.284353117361977437e-01
2.229171747522616653e-01
2.175331846939525249e-01
2.122800476300096550e-01
2.071545517652474688e-01
2.021535653453037928e-01
1.972740346165588465e-01
1.925129818397208759e-01
1.878675033556056195e-01
1.833347677016765043e-01
1.789120137779692532e-01
1.745965490610398851e-01
1.703857478646375601e-01
1.662770496458259029e-01
1.622679573553174881e-01
1.583560358308262472e-01
1.545389102322645147e-01
1.508142645176569763e-01
1.471798399586704553e-01
1.436334336946859247e-01
1.401728973243819842e-01
1.367961355338091767e-01
1.335011047599818645e-01
1.302858118890307670e-01
1.271483129879870944e-01
1.240867120693039810e-01
1.210991598872308700e-01
1.181838527651955795e-01
1.153390314533649513e-01
1.125629800155776572e-01
1.098540247448728385e-01
1.072105331068467504e-01
1.046309127101040792e-01
1.021136103030835240e-01
9.965711079655721616e-02
9.725993631112918314e-02
9.492064524906664025e-02
9.263783138982560617e-02
9.041012300864489926e-02
8.823618201760015378e-02
8.611470312852997910e-02
8.404441303725536383e-02
8.202406962853656114e-02
8.005246120122327946e-02
7.812840571306742254e-02
7.625075004468820361e-02
7.441836928218421854e-02
7.263016601790941995e-02
7.088506966893809436e-02
6.918203581275737812e-02
6.752004553974190471e-02
6.589810482197062946e-02
6.431524389796433594e-02
6.277051667293026549e-02
6.126300013411069972e-02
5.979179378084781976e-02
5.835601906898035124e-02
5.695481886920478187e-02
5.558735693903952418e-02
5.425281740804098474e-02
5.295040427593247778e-02
5.167934092331027962e-02
5.043886963460642026e-02
4.922825113299219429e-02
4.804676412691556014e-02
4.689370486797642124e-02
4.576838671984623935e-02
4.467013973795183612e-02
4.359831025964742285e-02
4.255226050460675369e-02
4.153136818517444429e-02
4.053502612642409519e-02
3.956264189567333667e-02
3.861363744121731195e-02
3.768744874004510692e-02
3.678352545431071152e-02
3.590133059633761337e-02
3.504034020193847604e-02
3.420004301184068063e-02
3.337994016101197142e-02
3.257954487568569257e-02
3.179838217789241611e-02
3.103598859730629170e-02
3.029191189022295561e-02
2.956571076548845586e-02
2.885695461720362912e-02
2.816522326403443979e-02
2.749010669496028403e-02
2.683120482129964374e-02
2.618812723485470020e-02
2.556049297202096088e-02
2.494793028371322316e-02
2.435007641096043410e-02
2.376657736602848930e-02
2.319708771893209953e-02
2.264127038920039220e-02
2.209879644276594238e-02
2.156934489384769102e-02
2.105260251170389812e-02
2.054826363213339488e-02
2.005602997360607029e-02
1.957561045790827056e-02
1.910672103518917114e-02
1.864908451329955891e-02
1.820243039131570068e-02
1.776649469714400992e-02
1.734101982910581097e-02
1.692575440140214882e-02
1.652045309336316534e-02
1.612487650238776313e-02
1.573879100048171734e-02
1.536196859430584601e-02
1.499418678864611332e-02
1.463522845322179008e-02
1.428488169274864071e-02
1.394293972017645461e-02
1.360920073302303301e-02
1.328346779272722086e-02
1.296554870694702731e-02
1.265525591472991401e-02
1.235240637448408937e-02
1.205682145468239645e-02
1.176832682723047592e-02
1.148675236343429766e-02
1.121193203250262990e-02
1.094370380252197329e-02
1.068190954384361062e-02
1.042639493482262238e-02
1.017700936985168302e-02
9.933605869632921095e-03
9.696040993632804028e-03
9.464174754666774061e-03
9.237870535560821841e-03
9.016995007839416487e-03
8.801418052389957045e-03
8.591012682055126221e-03
8.385654966106256825e-03
8.185223956551154409e-03
7.989601616231739936e-03
7.798672748667589277e-03
7.612324929602653709e-03
7.430448440213332888e-03
7.252936201937644316e-03
7.079683712885313958e-03
6.910588985790536501e-03
6.745552487469573533e-03
6.584477079746292941e-03
6.427267961810138007e-03
6.273832613971101410e-03
6.124080742777916059e-03
5.977924227466099687e-03
5.835277067703292450e-03
5.696055332600511584e-03
5.560177110958091154e-03
5.427562462716467931e-03
5.298133371582322212e-03
5.171813698801369999e-03
5.048529138050074361e-03
4.928207171418685223e-03
4.810777026459260586e-03
4.696169634272622309e-03
4.584317588608859649e-03
4.475155105956898395e-03
4.368617986598755804e-03
4.264643576605148430e-03
4.163170730749486854e-03
4.064139776317761410e-03
3.967492477792694712e-03
3.873172002390564122e-03
3.781122886430110346e-03
3.691291002513124881e-03
3.603623527496888860e-03
3.518068911239253822e-03
3.434576846097286799e-03
3.353098237161199202e-03
3.273585173205530944e-03
3.195990898339970236e-03
3.120269784342796608e-03
3.046377303660030133e-03
2.974270003054066761e-03
2.903905477885781322e-03
2.835242347014467913e-03
2.768240228300507776e-03
2.702859714695710763e-03
2.639062350906918285e-03
2.576810610618623064e-03
2.516067874260665034e-03
2.456798407307582682e-03
2.398967339096164022e-03
2.342540642148369795e-03
2.287485111986899047e-03
2.233768347430969536e-03
2.181358731360277890e-03
2.130225411935149100e-03
2.080338284261363298e-03
2.031667972488259647e-03
1.984185812328983015e-03
1.937863833992072189e-03
1.892674745513606800e-03
1.848591916479577681e-03
1.805589362128229985e-03
1.763641727822334989e-03
1.722724273881668993e-03
1.682812860765980738e-03
1.643883934599113875e-03
1.605914513025029312e-03
1.568882171386655911e-03
1.532765029218791618e-03
1.497541737046258247e-03
1.463191463478887185e-03
1.429693882594956864e-03
1.397029161604929461e-03
1.365177948787464797e-03
1.334121361689936209e-03
1.303840975585713246e-03
1.274318812180771183e-03
1.245537328562300100e-03
1.217479406382128730e-03
1.190128341268066907e-03
1.163467832456286256e-03
1.137481972638203350e-03
1.112155238015417142e-03
1.087472478556485373e-03
1.063418908449564057e-03
1.039980096745054920e-03
1.017141958182738934e-03
9.948907441980343706e-04
9.732130341022769996e-04
9.520957264322277638e-04
9.315260304641842471e-04
9.114914578884613641e-04
8.919798146402391562e-04
8.729791928830970453e-04
8.544779631419296799e-04
8.364647665821890905e-04
8.189285074328502044e-04
8.018583455508069549e-04
7.852436891248013072e-04
7.690741875174184929e-04
7.533397242440161099e-04
7.380304100879419909e-04
7.231365763517790023e-04
7.086487682447742019e-04
6.945577384070763128e-04
6.808544405717618497e-04
6.675300233661110756e-04
6.545758242539580695e-04
6.419833636213298196e-04
6.297443390079891139e-04
6.178506194877687830e-04
6.062942402009585761e-04
5.950673970422264755e-04
5.841624415077860009e-04
5.735718757057176173e-04
5.632883475334107999e-04
5.533046460261970695e-04
5.436136968811945431e-04
5.342085581602967282e-04
5.250824161760972312e-04
5.162285815642493180e-04
5.076404855454811661e-04
4.993116763800520145e-04
4.912358160169475038e-04
4.834066769395663861e-04
4.758181392089712585e-04
4.684641877051002484e-04
4.613389095655360552e-04
4.544364918206030262e-04
4.477512192226942270e-04
4.412774722667913308e-04
4.350097253982288252e-04
4.289425454027885522e-04
4.230705899732625720e-04
4.173886064457068396e-04
4.118914306976822755e-04
4.065739861999460598e-04
4.014312832122453214e-04
3.964584181131321477e-04
3.916505728530926588e-04
3.870030145196953634e-04
3.825110950030425803e-04
3.781702507494451261e-04
3.739760025910114833e-04
3.699239556387392863e-04
3.660097992266798310e-04
3.622293068948873149e-04
3.585783363990876441e-04
3.550528297353467973e-04
3.516488131684680318e-04
3.483623972533909994e-04
3.451897768394833433e-04
3.421272310483264799e-04
3.391711232163588646e-04
3.363179007945511865e-04
3.335640951981521025e-04
