1.159026771298998781e+00
1.159026771298998781e+00
1.159026771298998781e+00
1.159026771298998781e+00
1.159026771298998781e+00
1.159026771298998781e+00
1.159026771298998781e+00
1.159026771298998781e+00
1.159026771298998781e+00
1.159026771298998781e+00
1.159026771298998781e+00
1.159026771298998781e+00
1.159026771298998781e+00
1.159026771298998781e+00
1.159026771298998781e+00
1.159026771298998781e+00
1.159026771298998781e+00
1.159026771298998781e+00
1.159026771298998781e+00
1.159026771298998781e+00
1.159026771298998781e+00
1.159026771298998781e+00
1.159026771298998781e+00
1.159026771298998781e+00
1.159026771298998781e+00
1.159026771298998781e+00
1.159026771298998781e+00
1.159026771298998781e+00
1.159026771298998781e+00
1.159026771298998781e+00
1.159026771298998781e+00
1.159026771298998781e+00
1.159026771298998781e+00
1.159026771298998781e+00
1.159026771298998781e+00
1.159026771298998781e+00
1.159026771298998781e+00
1.159026771298998781e+00
1.159026771298998781e+00
1.159026771298998781e+00
1.159026771298998781e+00
1.159026771298998781e+00
1.159026771298998781e+00
1.159026771298998781e+00
1.159026771298998781e+00
1.159026771298998781e+00
1.159026771298998781e+00
1.159026771298998781e+00
1.159026771298998781e+00
1.159026771298998781e+00
1.159026771298998781e+00
1.159026771298998781e+00
1.159026771298998781e+00
1.159026771298998781e+00
1.159026771298998781e+00
1.159026771298998781e+00
1.159026771298998781e+00
1.159026771298998781e+00
1.159026771298998781e+00
1.159026771298998781e+00
1.159026771298998781e+00
1.159026771298998781e+00
1.159026771298998781e+00
1.159026771298998781e+00
1.159026771298998781e+00
1.159026771298998781e+00
1.159026771298998781e+00
1.159026771298998781e+00
1.159026771298998781e+00
1.159026771298998781e+00
1.159026771298998781e+00
1.159026771298998781e+00
1.159026771298998781e+00
1.159026771298998781e+00
1.159026771298998781e+00
1.159026771298998781e+00
1.159026771298998781e+00
1.159026771298998781e+00
1.159026771298998781e+00
1.159026771298998781e+00
1.159026771298998781e+00
1.159026771298998781e+00
1.159026771298998781e+00
1.159026771298998781e+00
1.159026771298998781e+00
1.159026771298998781e+00
1.159026771298998781e+00
1.159026771298998781e+00
1.159026771298998781e+00
1.159026771298998781e+00
1.159026771298998781e+00
1.159026771298998781e+00
1.159026771298998781e+00
1.159026771298998781e+00
1.159026771298998781e+00
1.159026771298998781e+00
1.159026771298998781e+00
1.159026771298998781e+00
1.159026771298998781e+00
1.159026771298998781e+00
1.159026771298998781e+00
1.159026771298998781e+00
1.159026771298998781e+00
1.159026771298998781e+00
1.159026771298998781e+00
1.159026771298998781e+00
1.159026771298998781e+00
1.159026771298998781e+00
1.159026771298998781e+00
1.159026771298998781e+00
1.159026771298998781e+00
1.159026771298998781e+00
1.159026771298998781e+00
1.159026771298998781e+00
1.159026771298998781e+00
1.159026771298998781e+00
1.159026771298998781e+00
1.159026771298998781e+00
1.159026771298998781e+00
1.159026771298998781e+00
1.159026771298998781e+00
1.159026771298998781e+00
1.159026771298998781e+00
1.159026771298998781e+00
1.159026771298998781e+00
1.159026771298998781e+00
1.159026771298998781e+00
1.159026771298998781e+00
1.159026771298998781e+00
1.159026771298998781e+00
1.159026771298998781e+00
1.159026771298998781e+00
1.159026771298998781e+00
1.159026771298998781e+00
1.159026771298998781e+00
1.159026771298998781e+00
1.159026771298998781e+00
1.159026771298998781e+00
1.159026771298998781e+00
1.159026771298998781e+00
1.159026771298998781e+00
1.159026771298998781e+00
1.159026771298998781e+00
1.159026771298998781e+00
1.159026771298998781e+00
1.159026771298998781e+00
1.159026771298998781e+00
1.159026771298998781e+00
1.159026771298998781e+00
1.159026771298998781e+00
1.159026771298998781e+00
1.159026771298998781e+00
1.159026771298998781e+00
1.159026771298998781e+00
1.159026771298998781e+00
1.159026771298998781e+00
1.159026771298998781e+00
1.159026771298998781e+00
1.159026771298998781e+00
1.159026771298998781e+00
1.159026771298998781e+00
1.159026771298998781e+00
1.159026771298998781e+00
1.159026771298998781e+00
1.159026771298998781e+00
1.159026771298998781e+00
1.159026771298998781e+00
1.159026771298998781e+00
1.159026771298998781e+00
1.159026771298998781e+00
1.159026771298998781e+00
1.159026771298998781e+00
1.159026771298998781e+00
1.159026771298998781e+00
1.159026771298998781e+00
1.159026771298998781e+00
1.159026771298998781e+00
1.159026771298998781e+00
1.159026771298998781e+00
1.159026771298998781e+00
1.159026771298998781e+00
1.159026771298998781e+00
1.159026771298998781e+00
1.159026771298998781e+00
1.159026771298998781e+00
1.159026771298998781e+00
1.159026771298998781e+00
1.159026771298998781e+00
1.159026771298998781e+00
1.159026771298998781e+00
1.159026771298998781e+00
1.159026771298998781e+00
1.159026771298998781e+00
1.159026771298998781e+00
1.159026771298998781e+00
1.159026771298998781e+00
1.159026771298998781e+00
1.159026771298998781e+00
1.159026771298998781e+00
1.159026771298998781e+00
1.159022440800981713e+00
1.159022289384665783e+00
1.159022132265818072e+00
1.159021969209788949e+00
1.159021799981928780e+00
1.159021624329398037e+00
1.159021441992081236e+00
1.159021252698948956e+00
1.159021056164419861e+00
1.159020852093817666e+00
1.159020640177914174e+00
1.159020420094748260e+00
1.159020191506897390e+00
1.159019954063296609e+00
1.159019707398329047e+00
1.159019451129097433e+00
1.159019184855424101e+00
1.159018908159850980e+00
1.159018620607639605e+00
1.159018321742223634e+00
1.159018011089756328e+00
1.159017688153653580e+00
1.159017352413684421e+00
1.159017003329608997e+00
1.159016640333902615e+00
1.159016262835393718e+00
1.159015870213806920e+00
1.159015461824765225e+00
1.159015036991149827e+00
1.159014595005828596e+00
1.159014135130746581e+00
1.159013656592378538e+00
1.159013158583093173e+00
1.159012640257060411e+00
1.159012100730706152e+00
1.159011539078164787e+00
1.159010954331733956e+00
1.159010345478691306e+00
1.159009711459475511e+00
1.159009051164048287e+00
1.159008363431894395e+00
1.159007647046564671e+00
1.159006900736130774e+00
1.159006123167728219e+00
1.159005312945282640e+00
1.159004468607690796e+00
1.159003588624273107e+00
1.159002671390680916e+00
1.159001715226850138e+00
1.159000718372908523e+00
1.158999678983036574e+00
1.158998595124330677e+00
1.158997464770209262e+00
1.158996285796092707e+00
1.158995055975310606e+00
1.158993772972280567e+00
1.158992434338415478e+00
1.158991037505757049e+00
1.158989579780381973e+00
1.158988058337172333e+00
1.158986470211630149e+00
1.158984812293738287e+00
1.158983081319775010e+00
1.158981273864355899e+00
1.158979386332816830e+00
1.158977414951209539e+00
1.158975355758002479e+00
1.158973204593280570e+00
1.158970957089081821e+00
1.158968608658256016e+00
1.158966154482413913e+00
1.158963589500331182e+00
1.158960908395101796e+00
1.158958105579699804e+00
1.158955175183791653e+00
1.158952111037592658e+00
1.158948906656632971e+00
1.158945555224249802e+00
1.158942049574079647e+00
1.158938382171641024e+00
1.158934545093416091e+00
1.158930530007182824e+00
1.158926328148595530e+00
1.158921930298731695e+00
1.158917326758853505e+00
1.158912507324316721e+00
1.158907461257342675e+00
1.158902177257232324e+00
1.158896643430182394e+00
1.158890847256373036e+00
1.158884775555520719e+00
1.158878414450839500e+00
1.158871749330160128e+00
1.158864764805684899e+00
1.158857444670786663e+00
1.158849771854875144e+00
1.158841728375108460e+00
1.158833295285973009e+00
1.158824452625452750e+00
1.158815179358470004e+00
1.158805453316944067e+00
1.158795251136353954e+00
1.158784548188975805e+00
1.158773318512885453e+00
1.158761534737209331e+00
1.158749168003083696e+00
1.158736187880009538e+00
1.158722562277347379e+00
1.158708257351179327e+00
1.158693237405287846e+00
1.158677464787047029e+00
1.158660899777231634e+00
1.158643500473331756e+00
1.158625222666756827e+00
1.158606019712834723e+00
1.158585842393577536e+00
1.158564638772830335e+00
1.158542354043319733e+00
1.158518930365247002e+00
1.158494306695956766e+00
1.158468418610354433e+00
1.158441198111347603e+00
1.158412573430240400e+00
1.158382468816185451e+00
1.158350804314537186e+00
1.158317495533438546e+00
1.158282453398037148e+00
1.158245583892181685e+00
1.158206787786639325e+00
1.158165960353663593e+00
1.158122991067223495e+00
1.158077763288538620e+00
1.158030153936344675e+00
1.157980033141470244e+00
1.157927263885376590e+00
1.157871701622248395e+00
1.157813193884301484e+00
1.157751579870115677e+00
1.157686690015815145e+00
1.157618345549007444e+00
1.157546358025559385e+00
1.157470528849355418e+00
1.157390648775436404e+00
1.157306497396991318e+00
1.157217842616923065e+00
1.157124440105054219e+00
1.157026032742095367e+00
1.156922350052049353e+00
1.156813107624920178e+00
1.156698006532053569e+00
1.156576732736898094e+00
1.156448956504458891e+00
1.156314331813280916e+00
1.156172495774420383e+00
1.156023068062582482e+00
1.155865650365305086e+00
1.155699825856945751e+00
1.155525158705083655e+00
1.155341193618001583e+00
1.155147455442852689e+00
1.154943448825344277e+00
1.154728657942889924e+00
1.154502546324490453e+00
1.154264556771865458e+00
1.154014111397749787e+00
1.153750611798612269e+00
1.153473439380483967e+00
1.153181955857913721e+00
1.152875503947369040e+00
1.152553408277714020e+00
1.152214976541375613e+00
1.151859500910822121e+00
1.151486259745603924e+00
1.151094519615587508e+00
1.150683537665995182e+00
1.150252564349393047e+00
1.149800846548755917e+00
1.149327631114063220e+00
1.148832168832498279e+00
1.148313718849101051e+00
1.147771553550616108e+00
1.147204963920099186e+00
1.146613265363701561e+00
1.145995804003691276e+00
1.145351963423310693e+00
1.144681171839457168e+00
1.143982909668414205e+00
1.143256717438131620e+00
1.142502203987868725e+00
1.141719054882672779e+00
1.140907040956353535e+00
1.140066026882659012e+00
1.139195979660655222e+00
1.138296976887280598e+00
1.137369214678163543e+00
1.136413015087633260e+00
1.135428832870899907e+00
1.134417261426267975e+00
1.133379037753462049e+00
1.132315046266211711e+00
1.131226321303584470e+00
1.130114048195476784e+00
1.128979562753392507e+00
1.127824349078166311e+00
1.126650035601473254e+00
1.125458389307498308e+00
1.124251308114438963e+00
1.123030811431860343e+00
1.121799028948402555e+00
1.120558187743847522e+00
1.119310597858912182e+00
1.118058636494045466e+00
1.116804731043677723e+00
1.115551341203540714e+00
1.114300940414627794e+00
1.113055996927152513e+00
1.111818954780579904e+00
1.110592215000957284e+00
1.109378117314029577e+00
1.108178922662022448e+00
1.106996796793831228e+00
1.105833795173281953e+00
1.104691849418998117e+00
1.103572755453323895e+00
1.102478163497982333e+00
1.101409570012061412e+00
1.100368311624937867e+00
1.099355561074267129e+00
1.098372325118494253e+00
1.097419444355643314e+00
1.096497594846434609e+00
1.095607291410787942e+00
1.094748892443095034e+00
1.093922606073553183e+00
1.093128497490420958e+00
1.092366497231171074e+00
1.091636410248822298e+00
1.090937925562786681e+00
1.090270626310747781e+00
1.089634000028762317e+00
1.089027449000214087e+00
1.088450300529756554e+00
1.087901817015257677e+00
1.087381205708397136e+00
1.086887628072330969e+00
1.086420208662325360e+00
1.085978043471963694e+00
1.085560207703205604e+00
1.085165762932929212e+00
1.084793763661486166e+00
1.084443263240149724e+00
1.084113319184079494e+00
1.083802997885642494e+00
1.083511378749612231e+00
1.083237557777061877e+00
1.082980650628769137e+00
1.082739795201775657e+00
1.082514153754557729e+00
1.082302914617188527e+00
1.082105293523023093e+00
1.081920534598002304e+00
1.081747911042676202e+00
1.081586725540713667e+00
1.081436310425982761e+00
1.081296027638412927e+00
1.081165268496837140e+00
1.081043453314903147e+00
1.080930030884025062e+00
1.080824477845234721e+00
1.080726297969723859e+00
1.080635021365890402e+00
1.080550203628800610e+00
1.080471424946195302e+00
1.080398289173502668e+00
1.080330422888758690e+00
1.080267474436928499e+00
1.080209112971799890e+00
1.080155027502446963e+00
1.080104925950182926e+00
1.080058534220965427e+00
1.080015595297350917e+00
1.079975868353334700e+00
1.079939127894739670e+00
1.079905162927213169e+00
1.079873776153385645e+00
1.079844783200285097e+00
1.079818011877705430e+00
1.079793301467912858e+00
1.079770502046764280e+00
1.079749473836088658e+00
1.079730086586971893e+00
1.079712218993424067e+00
1.079695758135767569e+00
1.079680598952973636e+00
1.079666643743097953e+00
1.079653801690885206e+00
1.079641988421577548e+00
1.079631125579922468e+00
1.079621140433350224e+00
1.079611965498296300e+00
1.079513385649499391e+00
1.079513385649499391e+00
1.079513385649499391e+00
1.079513385649499391e+00
1.079513385649499391e+00
1.079513385649499391e+00
1.079513385649499391e+00
1.079513385649499391e+00
1.079513385649499391e+00
1.079513385649499391e+00
1.079513385649499391e+00
1.079513385649499391e+00
1.079513385649499391e+00
1.079513385649499391e+00
1.079513385649499391e+00
1.079513385649499391e+00
1.079513385649499391e+00
1.079513385649499391e+00
1.079513385649499391e+00
1.079513385649499391e+00
1.079513385649499391e+00
1.079513385649499391e+00
1.079513385649499391e+00
1.079513385649499391e+00
1.079513385649499391e+00
1.079513385649499391e+00
1.079513385649499391e+00
1.079513385649499391e+00
1.079513385649499391e+00
1.079513385649499391e+00
1.079513385649499391e+00
1.079513385649499391e+00
1.079513385649499391e+00
1.079513385649499391e+00
1.079513385649499391e+00
1.079513385649499391e+00
1.079513385649499391e+00
1.079513385649499391e+00
1.079513385649499391e+00
1.079513385649499391e+00
1.079513385649499391e+00
1.079513385649499391e+00
1.079513385649499391e+00
1.079513385649499391e+00
1.079513385649499391e+00
1.079513385649499391e+00
1.079513385649499391e+00
1.079513385649499391e+00
1.079513385649499391e+00
1.079513385649499391e+00
1.079513385649499391e+00
1.079513385649499391e+00
1.079513385649499391e+00
1.079513385649499391e+00
1.079513385649499391e+00
1.079513385649499391e+00
1.079513385649499391e+00
1.079513385649499391e+00
1.079513385649499391e+00
1.079513385649499391e+00
1.079513385649499391e+00
1.079513385649499391e+00
1.079513385649499391e+00
1.079513385649499391e+00
1.079513385649499391e+00
1.079513385649499391e+00
1.079513385649499391e+00
1.079513385649499391e+00
1.079513385649499391e+00
1.079513385649499391e+00
1.079513385649499391e+00
1.079513385649499391e+00
1.079513385649499391e+00
1.079513385649499391e+00
1.079513385649499391e+00
1.079513385649499391e+00
1.079513385649499391e+00
1.079513385649499391e+00
1.079513385649499391e+00
1.079513385649499391e+00
1.079513385649499391e+00
1.079513385649499391e+00
1.079513385649499391e+00
1.079513385649499391e+00
1.079513385649499391e+00
1.079513385649499391e+00
1.079513385649499391e+00
1.079513385649499391e+00
1.079513385649499391e+00
1.079513385649499391e+00
1.079513385649499391e+00
1.079513385649499391e+00
1.079513385649499391e+00
1.079513385649499391e+00
1.079513385649499391e+00
1.079513385649499391e+00
1.079513385649499391e+00
1.079513385649499391e+00
1.079513385649499391e+00
1.079513385649499391e+00
1.079513385649499391e+00
1.079513385649499391e+00
1.079513385649499391e+00
1.079513385649499391e+00
1.079513385649499391e+00
1.079513385649499391e+00
1.079513385649499391e+00
1.079513385649499391e+00
1.079513385649499391e+00
1.079513385649499391e+00
1.079513385649499391e+00
1.079513385649499391e+00
1.079513385649499391e+00
1.079513385649499391e+00
1.079513385649499391e+00
1.079513385649499391e+00
1.079513385649499391e+00
1.079513385649499391e+00
1.079513385649499391e+00
1.079513385649499391e+00
1.079513385649499391e+00
1.079513385649499391e+00
1.079513385649499391e+00
1.079513385649499391e+00
1.079513385649499391e+00
1.079513385649499391e+00
1.079513385649499391e+00
1.079513385649499391e+00
1.079513385649499391e+00
1.079513385649499391e+00
1.079513385649499391e+00
1.079513385649499391e+00
1.079513385649499391e+00
1.079513385649499391e+00
1.079513385649499391e+00
1.079513385649499391e+00
1.079513385649499391e+00
1.079513385649499391e+00
1.079513385649499391e+00
1.079513385649499391e+00
1.079513385649499391e+00
1.079513385649499391e+00
1.079513385649499391e+00
1.079513385649499391e+00
1.079513385649499391e+00
1.079513385649499391e+00
1.079513385649499391e+00
1.079513385649499391e+00
1.079513385649499391e+00
1.079513385649499391e+00
1.079513385649499391e+00
1.079512571854841507e+00
1.079512502229566850e+00
1.079512426180388118e+00
1.079512343072583480e+00
1.079512252204671396e+00
1.079512152800946367e+00
1.079512044003154925e+00
1.079511924861187522e+00
1.079511794322660201e+00
1.079511651221253032e+00
1.079511494263642124e+00
1.079511322014851338e+00
1.079511132881822100e+00
1.079510925094971263e+00
1.079510696687482563e+00
1.079510445472032343e+00
1.079510169014622045e+00
1.079509864605136205e+00
1.079509529224196074e+00
1.079509159505819049e+00
1.079508751695328783e+00
1.079508301601879605e+00
1.079507804544874494e+00
1.079507255293450818e+00
1.079506647998095925e+00
1.079505976113320109e+00
1.079505232310160379e+00
1.079504408377118807e+00
1.079503495107938527e+00
1.079502482174385714e+00
1.079501357981954568e+00
1.079500109506103644e+00
1.079498722106295938e+00
1.079497179314715449e+00
1.079495462596095967e+00
1.079493551074581559e+00
1.079491421222962488e+00
1.079489046508981032e+00
1.079486396992658248e+00
1.079483438867776757e+00
1.079480133939738185e+00
1.079476439031008539e+00
1.079472305304284285e+00
1.079467677492367716e+00
1.079462493022561587e+00
1.079456681022249231e+00
1.079450161191312541e+00
1.079442842526266100e+00
1.079434621880712486e+00
1.079425382347201978e+00
1.079414991447282590e+00
1.079403299120018422e+00
1.079390135505394754e+00
1.079375308528826904e+00
1.079358601307780496e+00
1.079339769423153683e+00
1.079318538127578497e+00
1.079294599603396021e+00
1.079267610433030100e+00
1.079237189508059247e+00
1.079202916669928847e+00
1.079164332451411967e+00
1.079120939333403140e+00
1.079072204996796902e+00
1.079017567891546125e+00
1.078956445934990294e+00
1.078888246120301764e+00
1.078812385921660288e+00
1.078728275701387851e+00
1.078635439409270758e+00
1.078533342155816754e+00
1.078421608887058403e+00
1.078299927179441564e+00
1.078168067907602667e+00
1.078025911264072434e+00
1.077873443241567974e+00
1.077710743158948770e+00
1.077537985634007933e+00
1.077355426455702592e+00
1.077163393453602236e+00
1.076962275742745279e+00
1.076752488258679419e+00
1.076534508152482639e+00
1.076308806306017107e+00
1.076075870332523499e+00
1.075836183072883090e+00
1.075590220988868362e+00
1.075338442406494899e+00
1.075081282901211299e+00
1.074819153890480772e+00
1.074552435279588547e+00
1.074281478998542427e+00
1.074006599110878479e+00
1.073728090494410869e+00
1.073446179587344229e+00
1.073161118883115384e+00
1.072873081184148925e+00
1.072582224097146542e+00
1.072288678144675655e+00
1.071992544615061549e+00
1.071693896321603834e+00
1.071392784080331673e+00
1.071089234905000520e+00
1.070783254652194705e+00
1.070474829242620274e+00
1.070163926134099386e+00
1.069850494231939342e+00
1.069534468926067516e+00
1.069215767274434903e+00
1.068894301107383260e+00
1.068569946806685378e+00
1.068242622477411530e+00
1.067912162385202812e+00
1.067578443113278652e+00
1.067241310963505718e+00
1.066900627842108484e+00
1.066556206131266560e+00
1.066207874873126071e+00
1.065855479191153865e+00
1.065498815202303717e+00
1.065137697805969008e+00
1.064771926355868148e+00
1.064401299350146157e+00
1.064025606060784224e+00
1.063644632151499403e+00
1.063258155796881432e+00
1.062865950673873794e+00
1.062467786057828212e+00
1.062063421513331329e+00
1.061652618889882937e+00
1.061235123253556623e+00
1.060810689989045263e+00
1.060379051051111965e+00
1.059939940505219003e+00
1.059493092563228878e+00
1.059038227661548426e+00
1.058575059178192612e+00
1.058103298601534847e+00
1.057622649771535528e+00
1.057132809925194650e+00
1.056633470162693822e+00
1.056124316240152572e+00
1.055605022946281224e+00
1.055075265379174176e+00
1.054534703721116795e+00
1.053983009113477420e+00
1.053419805860095870e+00
1.052844776289272977e+00
1.052257530269608221e+00
1.051657710028654158e+00
1.051044942514830272e+00
1.050418848124321736e+00
1.049779040759406978e+00
1.049125131007937473e+00
1.048456721713274753e+00
1.047773409730251126e+00
1.047074789662341132e+00
1.046360446424116963e+00
1.045629964108750309e+00
1.044882914869056156e+00
1.044118871381828351e+00
1.043337383107269645e+00
1.042538024348407033e+00
1.041720312437632634e+00
1.040883781694085686e+00
1.040027934250714825e+00
1.039152252704668156e+00
1.038256184028518936e+00
1.037339131148630411e+00
1.036400438843588567e+00
1.035439375754767299e+00
1.034455108962892167e+00
1.033446674348504901e+00
1.032412935479616323e+00
1.031352527507875871e+00
1.030263791939805440e+00
1.029144687930849456e+00
1.027992674949210317e+00
1.026804573564555678e+00
1.025576365888012820e+00
1.024302967183622126e+00
1.022977908556154336e+00
1.021592946227066756e+00
1.020137566947001861e+00
1.018598352648497407e+00
1.016958198676212843e+00
1.015195347176702123e+00
1.013282214308971696e+00
1.011184023070808680e+00
1.008857268991974587e+00
1.006248128134101583e+00
1.003291014705412598e+00
9.999076161376313499e-01
9.960068693072928747e-01
9.914863711950523406e-01
9.862355818213175418e-01
9.801408344234436854e-01
9.730916220279010043e-01
9.649872020511393034e-01
9.557424059050696474e-01
9.452918063109354563e-01
9.335918905252407196e-01
9.206213961372879950e-01
9.063802541103328503e-01
8.908876660803460856e-01
8.741797468639412871e-01
8.563070510306317606e-01
8.373321472254224851e-01
8.173273393771431916e-01
7.963725736372586628e-01
7.745535453905402212e-01
7.519600128055061727e-01
7.286843174544727075e-01
7.048201099248186940e-01
6.804612748783060994e-01
6.557010458440931666e-01
6.306312959315151234e-01
6.053419869085227001e-01
5.799207561438679548e-01
5.544526194883473424e-01
5.290197656071130572e-01
5.037014200255499619e-01
4.785737543185130671e-01
4.537098194265877238e-01
4.291794836794659007e-01
4.050493583125254204e-01
3.813826974967302053e-01
3.582392636158279187e-01
3.356751535832774858e-01
3.137425864779146423e-01
2.924896574267878413e-01
2.719600669069510701e-01
2.521928377668072319e-01
2.332220347997887855e-01
2.150765027558715070e-01
1.977796389052514092e-01
1.813492161788065327e-01
1.657972662150862808e-01
1.511300462923782784e-01
1.373480571140826001e-01
1.244462246296045155e-01
1.124140154885932968e-01
1.012358241027318528e-01
9.089128339609149621e-02
8.135571567437510643e-02
7.260060886613464715e-02
6.459414392246348724e-02
5.730173771715389025e-02
5.068661287007419219e-02
4.471034197867451015e-02
3.933339999646227880e-02
3.451566999135130542e-02
3.021692979508112595e-02
2.639727961085714530e-02
2.301753621231313399e-02
2.003955939433104197e-02
1.742655047124595444e-02
1.514325066862960527e-02
1.315622033168286666e-02
1.143369243253515750e-02
9.946411788941395341e-03
8.666434557881571438e-03
7.568480983838604161e-03
6.629206409951477613e-03
5.827416583228413674e-03
5.144016370075243406e-03
4.561941722501758854e-03
4.066116433431051294e-03
3.643345506743187433e-03
3.282222699765273508e-03
2.972963275898429444e-03
2.707226065654594251e-03
2.477993499439441142e-03
2.279380912736302892e-03
2.106469130706521264e-03
1.955192236635543753e-03
1.822138380434617242e-03
1.704579070512777812e-03
1.600029078549466402e-03
1.506745240402954144e-03
1.423047565009984529e-03
1.347637525803660214e-03
1.279334856697550383e-03
1.217245442428652137e-03
1.160571379301249045e-03
1.108652672114361680e-03
1.060922323439108129e-03
1.016899087684673903e-03
9.761693550704417287e-04
9.383782288690891739e-04
9.032185754369679437e-04
8.704241145064564675e-04
8.397627248814134400e-04
8.110313616555393183e-04
7.840516681993825628e-04
7.586664101334444216e-04
7.347364428325894392e-04
7.121382056949644972e-04
6.907616074605441286e-04
6.705082229731101342e-04
6.512898139489884958e-04
6.330270019407635042e-04
6.156482006629790697e-04
5.990886646109920078e-04
5.832896607072247898e-04
5.681978114798278811e-04
5.537644508414401277e-04
5.399451133919958880e-04
5.266990735615329974e-04
5.139889396609492560e-04
5.017803047366993724e-04
4.900414295537962664e-04
4.787429669895809019e-04
4.678577177194507826e-04
4.573604062836582719e-04
4.472274901551553613e-04
4.374369672062795628e-04
4.279682395695957485e-04
4.188019308875551945e-04
4.099197806273417559e-04
4.013045007047942548e-04
3.929396552017728008e-04
3.848095534195581811e-04
3.768991353127982224e-04
3.691938596297284847e-04
3.616795974444165346e-04
3.543425166114073563e-04
3.471689616003388731e-04
3.401453261177656354e-04
3.332579062285890756e-04
3.264927369285578395e-04
3.198353982310871342e-04
3.132707841696471727e-04
3.067828103523617829e-04
3.003540520258152604e-04
2.939652713687860392e-04
2.875947751728019359e-04
2.812175460921577689e-04
2.748040048479566920e-04
2.683181974029146270e-04
2.617150319751262522e-04
2.549358716820154932e-04
2.479010930667467161e-04
2.404966013160082805e-04
2.325469843788229268e-04
2.237546391819608313e-04
2.135314842891195615e-04
2.003370916178299436e-04
1.752167816005480746e-04
